,System,Frame,Resname,Resnum,X,Y,Z
2951,cut1,2951,POPC,0,136.90008544921872,211.45907592773438,86.46582794189453
2951,cut1,2951,POPC,1,19.315988540649414,164.4844207763672,81.05997467041016
2951,cut1,2951,POPC,2,136.47329711914062,27.560964584350586,98.30094909667969
2951,cut1,2951,POPC,3,107.80990600585938,161.0303192138672,79.97588348388672
2951,cut1,2951,POPC,4,131.9837646484375,187.92889404296878,84.33543395996094
2951,cut1,2951,POPC,5,115.51082611083984,147.34475708007812,82.9651870727539
2951,cut1,2951,POPC,6,171.93087768554688,170.04197692871097,93.13723754882812
2951,cut1,2951,POPC,7,81.73331451416016,213.67196655273438,96.98311614990234
2951,cut1,2951,POPC,8,-1.5464727878570557,29.527395248413086,98.3934555053711
2951,cut1,2951,POPC,9,162.6748809814453,183.74502563476562,90.94797515869142
2951,cut1,2951,POPC,10,28.90715980529785,212.0980224609375,99.72582244873047
2951,cut1,2951,POPC,11,101.49321746826172,237.41436767578125,98.91407012939453
2951,cut1,2951,POPC,12,19.83012580871582,48.327232360839844,103.65483856201172
2951,cut1,2951,POPC,13,123.83403778076172,146.0438995361328,82.80061340332031
2951,cut1,2951,POPC,14,108.63196563720703,175.67405700683594,78.58592987060547
2951,cut1,2951,POPC,15,37.058013916015625,140.8628387451172,70.154541015625
2951,cut1,2951,POPC,16,96.2020034790039,127.10484313964844,83.843505859375
2951,cut1,2951,POPC,17,86.48951721191406,30.775136947631832,98.05449676513672
2951,cut1,2951,POPC,18,111.83607482910156,240.6753387451172,103.36164855957031
2951,cut1,2951,POPC,19,84.25814056396484,5.795755863189697,101.79361724853516
2951,cut1,2951,POPC,20,130.03250122070312,23.47291374206543,100.86414337158203
2951,cut1,2951,POPC,21,120.2517318725586,100.0352554321289,76.66728973388672
2951,cut1,2951,POPC,22,17.991090774536133,38.970680236816406,103.1905517578125
2951,cut1,2951,POPC,23,93.42601776123047,241.95713806152344,99.33379364013672
2951,cut1,2951,POPC,24,65.56775665283203,3.1279454231262207,99.85306549072266
2951,cut1,2951,POPC,25,77.0423812866211,194.92250061035156,89.4384994506836
2951,cut1,2951,POPC,26,176.97772216796875,230.199462890625,98.9697036743164
2951,cut1,2951,POPC,27,41.28589630126953,175.4949951171875,83.46847534179688
2951,cut1,2951,POPC,28,27.137834548950195,192.39552307128906,91.07093811035156
2951,cut1,2951,POPC,29,44.400917053222656,41.88145065307617,98.98027038574219
2951,cut1,2951,POPC,30,163.6343231201172,223.9003753662109,93.10662841796875
2951,cut1,2951,POPC,31,152.6148223876953,226.83160400390625,93.37895965576172
2951,cut1,2951,POPC,32,52.91150665283203,213.47984313964844,91.75421142578125
2951,cut1,2951,POPC,33,79.85738372802734,104.18344116210938,75.65414428710938
2951,cut1,2951,POPC,34,179.91934204101562,77.74605560302734,92.48466491699219
2951,cut1,2951,POPC,35,111.5949935913086,3.1297554969787598,101.47743225097656
2951,cut1,2951,POPC,36,158.51556396484375,247.0067596435547,103.50221252441406
2951,cut1,2951,POPC,37,127.5068359375,157.39529418945312,83.20321655273438
2951,cut1,2951,POPC,38,70.70222473144531,79.29324340820312,86.96586608886719
2951,cut1,2951,POPC,39,57.68407440185547,246.53131103515625,97.26835632324219
2951,cut1,2951,POPC,40,86.70133972167969,106.41495513916016,78.62764739990234
2951,cut1,2951,POPC,41,114.25365447998047,51.37611770629883,86.82254791259766
2951,cut1,2951,POPC,42,188.29171752929688,105.53728485107422,88.53260040283203
2951,cut1,2951,POPC,43,95.70637512207031,64.97452545166016,85.39006805419922
2951,cut1,2951,POPC,44,15.509775161743164,55.960472106933594,100.42130279541016
2951,cut1,2951,POPC,45,33.07020568847656,107.04927825927734,87.26235961914062
2951,cut1,2951,POPC,46,53.63186645507812,27.45362663269043,99.73250579833984
2951,cut1,2951,POPC,47,26.628694534301758,66.02891540527344,98.24932861328125
2951,cut1,2951,POPC,48,81.1151123046875,84.71492004394531,85.507080078125
2951,cut1,2951,POPC,49,121.12947845458984,63.612335205078125,83.76388549804688
2951,cut1,2951,POPC,50,182.20053100585938,98.93140411376953,88.73624420166016
2951,cut1,2951,POPC,51,40.47123718261719,150.4925079345703,74.04377746582031
2951,cut1,2951,POPC,52,74.34407806396484,219.2865753173828,97.93087768554689
2951,cut1,2951,POPC,53,155.4846649169922,161.81285095214844,85.98812866210938
2951,cut1,2951,POPC,54,96.39174652099608,78.86949157714844,82.89884185791016
2951,cut1,2951,POPC,55,147.81532287597656,23.055456161499023,101.15119934082031
2951,cut1,2951,POPC,56,95.42115783691406,6.722700595855713,98.03492736816405
2951,cut1,2951,POPC,57,132.39122009277344,174.12889099121094,82.86597442626953
2951,cut1,2951,POPC,58,175.19419860839844,67.51058197021484,92.60198211669922
2951,cut1,2951,POPC,59,62.55840301513672,25.90838623046875,100.04823303222655
2951,cut1,2951,POPC,60,21.39885139465332,217.2932586669922,98.40249633789062
2951,cut1,2951,POPC,61,78.4547348022461,187.15481567382812,88.4336929321289
2951,cut1,2951,POPC,62,107.7917251586914,151.7410125732422,79.5238265991211
2951,cut1,2951,POPC,63,12.232759475708008,249.6009063720703,101.79411315917969
2951,cut1,2951,POPC,64,173.26678466796875,54.72684097290039,96.64382934570312
2951,cut1,2951,POPC,65,139.12774658203125,11.172736167907715,98.64786529541016
2951,cut1,2951,POPC,66,104.29520416259766,144.87139892578125,81.25398254394531
2951,cut1,2951,POPC,67,28.717844009399414,244.5465545654297,101.5960922241211
2951,cut1,2951,POPC,68,58.57091522216797,178.58782958984375,89.23072814941406
2951,cut1,2951,POPC,69,137.1105194091797,19.464601516723633,97.3788833618164
2951,cut1,2951,POPC,70,103.81462860107422,35.12965393066406,96.38142395019531
2951,cut1,2951,POPC,71,153.9508514404297,14.467467308044434,105.4106674194336
2951,cut1,2951,POPC,72,129.99810791015625,201.179931640625,53.35206985473633
2951,cut1,2951,POPC,73,12.432832717895508,77.1515884399414,92.32123565673828
2951,cut1,2951,POPC,74,187.71408081054688,169.2967529296875,92.47514343261719
2951,cut1,2951,POPC,75,56.74030303955078,145.48805236816406,71.86190795898438
2951,cut1,2951,POPC,76,144.49742126464844,139.32423400878906,85.13423156738281
2951,cut1,2951,POPC,77,12.132051467895508,200.1333465576172,95.47530364990234
2951,cut1,2951,POPC,78,192.06248474121094,111.17672729492188,89.00366973876953
2951,cut1,2951,POPC,79,20.61504554748535,75.9303207397461,56.52005386352539
2951,cut1,2951,POPC,80,93.95659637451172,231.09593200683594,100.77025604248047
2951,cut1,2951,POPC,81,103.09992980957031,231.7503204345703,101.1960220336914
2951,cut1,2951,POPC,82,48.506744384765625,79.44547271728516,92.42465209960938
2951,cut1,2951,POPC,83,30.594797134399414,53.92813491821289,100.433349609375
2951,cut1,2951,POPC,84,49.281471252441406,24.902610778808594,103.4918441772461
2951,cut1,2951,POPC,85,83.10372924804688,183.4693145751953,83.40290069580078
2951,cut1,2951,POPC,86,82.15909576416016,52.52949142456055,89.07799530029297
2951,cut1,2951,POPC,87,144.77932739257812,33.48175811767578,100.67678833007812
2951,cut1,2951,POPC,88,92.09623718261719,60.018699645996094,90.11589050292969
2951,cut1,2951,POPC,89,3.82413649559021,91.0682601928711,90.69248962402345
2951,cut1,2951,POPC,90,172.68675231933594,124.07621765136719,95.2350082397461
2951,cut1,2951,POPC,91,123.54721069335938,31.927907943725586,97.72538757324219
2951,cut1,2951,POPC,92,46.05809020996094,75.43354797363281,95.88102722167969
2951,cut1,2951,POPC,93,126.68827819824219,185.1190185546875,85.08638763427734
2951,cut1,2951,POPC,94,171.3122711181641,247.16473388671875,103.80679321289062
2951,cut1,2951,POPC,95,122.90398406982422,153.03167724609375,82.77688598632812
2951,cut1,2951,POPC,96,176.12646484375,163.87962341308594,88.06403350830078
2951,cut1,2951,POPC,97,95.93587493896484,122.56942749023438,44.32843017578125
2951,cut1,2951,POPC,98,115.7595443725586,67.08110046386719,85.97698974609375
2951,cut1,2951,POPC,99,186.18988037109375,15.462485313415527,94.96182250976562
2951,cut1,2951,POPC,100,47.8995361328125,141.3160400390625,71.6609649658203
2951,cut1,2951,POPC,101,53.90875244140625,46.740821838378906,95.88259887695312
2951,cut1,2951,POPC,102,59.08967590332031,196.34049987792972,87.708984375
2951,cut1,2951,POPC,103,182.67413330078125,206.4850311279297,94.48326110839844
2951,cut1,2951,POPC,104,37.129119873046875,220.49832153320312,97.43106079101562
2951,cut1,2951,POPC,105,11.005556106567383,15.410893440246582,102.90065002441406
2951,cut1,2951,POPC,106,57.65617370605469,62.254905700683594,95.75358581542969
2951,cut1,2951,POPC,107,15.846155166625977,113.00952911376953,91.37126159667969
2951,cut1,2951,POPC,108,162.92153930664062,214.1049041748047,90.71550750732422
2951,cut1,2951,POPC,109,74.3183364868164,229.68788146972656,102.54363250732422
2951,cut1,2951,POPC,110,73.90938568115234,43.51064682006836,90.11156463623047
2951,cut1,2951,POPC,111,168.2205047607422,26.42571449279785,101.37909698486328
2951,cut1,2951,POPC,112,180.7957305908203,42.55868911743164,101.0801773071289
2951,cut1,2951,POPC,113,26.285478591918945,16.313045501708984,106.788818359375
2951,cut1,2951,POPC,114,105.16653442382812,92.6814193725586,77.31262969970703
2951,cut1,2951,POPC,115,94.4059829711914,18.73297119140625,99.4078369140625
2951,cut1,2951,POPC,116,78.03658294677734,227.42752075195312,97.4880142211914
2951,cut1,2951,POPC,117,75.52717590332031,100.69760131835938,77.77425384521484
2951,cut1,2951,POPC,118,44.88816833496094,14.354544639587402,104.91204071044922
2951,cut1,2951,POPC,119,111.20929718017578,87.02152252197266,75.6079330444336
2951,cut1,2951,POPC,120,158.17129516601562,221.91526794433594,93.79695129394531
2951,cut1,2951,POPC,121,32.10926055908203,12.265240669250488,104.52450561523438
2951,cut1,2951,POPC,122,170.25335693359375,232.47366333007812,96.846435546875
2951,cut1,2951,POPC,123,55.02831268310547,189.58653259277344,88.27668762207031
2951,cut1,2951,POPC,124,33.23939514160156,195.80169677734375,93.35385131835938
2951,cut1,2951,POPC,125,24.42827033996582,8.77360725402832,106.5846939086914
2951,cut1,2951,POPC,126,49.266441345214844,208.1584930419922,92.5486068725586
2951,cut1,2951,POPC,127,160.53460693359375,110.15328979492188,86.96063995361328
2951,cut1,2951,POPC,128,38.784011840820305,226.18896484375,97.75726318359375
2951,cut1,2951,POPC,129,133.70252990722656,37.4435920715332,95.46521759033203
2951,cut1,2951,POPC,130,160.90882873535156,172.53175354003906,91.03762054443361
2951,cut1,2951,POPC,131,42.251434326171875,204.1640167236328,93.41677856445312
2951,cut1,2951,POPC,132,84.28369140625,215.57952880859375,52.41190719604492
2951,cut1,2951,POPC,133,97.70490264892578,146.9102783203125,53.0927734375
2951,cut1,2951,POPC,134,69.5919418334961,33.328094482421875,96.51644134521484
2951,cut1,2951,POPC,135,177.194580078125,149.55001831054688,89.82613372802734
2951,cut1,2951,POPC,136,164.11656188964844,60.873573303222656,93.11466979980469
2951,cut1,2951,POPC,137,25.609567642211914,161.42160034179688,77.36345672607422
2951,cut1,2951,POPC,138,85.99058532714844,87.56584167480469,83.81495666503906
2951,cut1,2951,POPC,139,156.1425323486328,114.42015838623047,88.50310516357422
2951,cut1,2951,POPC,140,97.37244415283203,144.5785675048828,82.2014389038086
2951,cut1,2951,POPC,141,180.79151916503906,134.66041564941406,93.52771759033203
2951,cut1,2951,POPC,142,191.27783203125,178.77587890625,89.38491821289062
2951,cut1,2951,POPC,143,34.03724670410156,114.0675277709961,81.72666931152344
2951,cut1,2951,POPC,144,100.2210464477539,210.81227111816406,96.61825561523438
2951,cut1,2951,POPC,145,163.10049438476562,123.63619995117188,93.94053649902344
2951,cut1,2951,POPC,146,121.04973602294922,171.29428100585938,80.09903717041016
2951,cut1,2951,POPC,147,66.48253631591797,186.0208740234375,87.19912719726562
2951,cut1,2951,POPC,148,166.77822875976562,115.60295867919922,90.12350463867188
2951,cut1,2951,POPC,149,20.39469337463379,34.006080627441406,104.63972473144531
2951,cut1,2951,POPC,150,41.246009826660156,181.95236206054688,83.95783233642578
2951,cut1,2951,POPC,151,102.3200454711914,73.06392669677734,84.63485717773438
2951,cut1,2951,POPC,152,182.98622131347656,115.91896057128906,93.24244689941406
2951,cut1,2951,POPC,153,152.37437438964844,123.81993865966797,88.68643951416016
2951,cut1,2951,POPC,154,128.3063201904297,205.43173217773438,86.25602722167969
2951,cut1,2951,POPC,155,37.772727966308594,80.35570526123047,91.13667297363281
2951,cut1,2951,POPC,156,78.76902770996094,45.56247329711914,89.7696304321289
2951,cut1,2951,POPC,157,22.704423904418945,92.15218353271484,94.08365631103517
2951,cut1,2951,POPC,158,51.939483642578125,170.71485900878906,82.88908386230469
2951,cut1,2951,POPC,159,109.61622619628906,80.24629211425781,78.95655822753906
2951,cut1,2951,POPC,160,101.47994232177734,23.440486907958984,98.13797760009766
2951,cut1,2951,POPC,161,72.23438262939453,162.3487091064453,85.20464324951172
2951,cut1,2951,POPC,162,184.0741729736328,217.174072265625,89.53970336914062
2951,cut1,2951,POPC,163,83.8690185546875,195.21995544433594,88.99267578125
2951,cut1,2951,POPC,164,109.59379577636719,12.49289608001709,100.03024291992188
2951,cut1,2951,POPC,165,192.59913635253906,2.9226593971252437,99.66556549072266
2951,cut1,2951,POPC,166,53.5107421875,184.618408203125,85.07820892333986
2951,cut1,2951,POPC,167,55.71498107910156,164.1031951904297,82.9588851928711
2951,cut1,2951,POPC,168,26.748872756958008,100.72750854492188,89.33049011230469
2951,cut1,2951,POPC,169,166.32838439941406,197.93968200683594,93.4688491821289
2951,cut1,2951,POPC,170,13.770204544067383,29.033979415893555,104.91680145263672
2951,cut1,2951,POPC,171,100.70762634277344,15.955254554748535,98.75882720947266
2951,cut1,2951,POPC,172,156.7019500732422,138.1713104248047,93.37919616699219
2951,cut1,2951,POPC,173,35.0999755859375,86.56761932373047,89.68142700195312
2951,cut1,2951,POPC,174,165.14633178710938,206.26576232910156,91.34844970703125
2951,cut1,2951,POPC,175,64.9752197265625,112.43425750732422,84.6460189819336
2951,cut1,2951,POPC,176,181.29937744140625,53.44696807861328,94.56761932373047
2951,cut1,2951,POPC,177,144.45590209960938,3.0569987297058105,102.3078384399414
2951,cut1,2951,POPC,178,180.66409301757812,219.28846740722656,94.90994262695312
2951,cut1,2951,POPC,179,49.805274963378906,229.7365264892578,94.68026733398438
2951,cut1,2951,POPC,180,18.269594192504883,81.39543151855469,95.11541748046875
2951,cut1,2951,POPC,181,52.7420654296875,54.76860046386719,97.79624938964844
2951,cut1,2951,POPC,182,131.9842529296875,161.35409545898438,83.24923706054688
2951,cut1,2951,POPC,183,110.31525421142578,108.2092514038086,79.65873718261719
2951,cut1,2951,POPC,184,124.15315246582031,199.40487670898438,86.39720916748047
2951,cut1,2951,POPC,185,100.21725463867188,134.6883544921875,80.98013305664062
2951,cut1,2951,POPC,186,1.7472779750823975,7.801206111907959,100.3437271118164
2951,cut1,2951,POPC,187,157.74424743652344,1.0091652870178223,109.04348754882812
2951,cut1,2951,POPC,188,47.41069030761719,48.09037780761719,96.72468566894531
2951,cut1,2951,POPC,189,49.348411560058594,251.20188903808594,99.31863403320312
2951,cut1,2951,POPC,190,127.55126190185547,88.61168670654297,73.4034423828125
2951,cut1,2951,POPC,191,14.39879035949707,241.37989807128906,61.84880828857422
2951,cut1,2951,POPC,192,69.09180450439453,48.38550567626953,90.25406646728516
2951,cut1,2951,POPC,193,147.14688110351562,248.67344665527344,100.01121520996094
2951,cut1,2951,POPC,194,5.214719772338867,78.95063781738281,94.18638610839844
2951,cut1,2951,POPC,195,156.6779022216797,103.67086791992188,86.4620895385742
2951,cut1,2951,POPC,196,30.9544620513916,222.21534729003906,99.0980224609375
2951,cut1,2951,POPC,197,42.41929626464844,34.630123138427734,103.17571258544922
2951,cut1,2951,POPC,198,68.98625183105469,218.5681915283203,93.45101928710938
2951,cut1,2951,POPC,199,25.628801345825195,237.81996154785156,103.43052673339844
2951,cut1,2951,POPC,200,31.81334114074707,93.20098876953125,46.81192398071289
2951,cut1,2951,POPC,201,189.311279296875,237.5625,99.3722152709961
2951,cut1,2951,POPC,202,41.495445251464844,53.94196701049805,101.2480697631836
2951,cut1,2951,POPC,203,168.0519561767578,108.14909362792969,90.19258117675781
2951,cut1,2951,POPC,204,140.08169555664062,170.28858947753906,85.27250671386719
2951,cut1,2951,POPC,205,136.11819458007812,117.41157531738281,85.20568084716797
2951,cut1,2951,POPC,206,168.6476593017578,49.514644622802734,97.65687561035156
2951,cut1,2951,POPC,207,44.058746337890625,158.94891357421875,78.20006561279297
2951,cut1,2951,POPC,208,91.05532836914062,223.69464111328125,102.12348937988281
2951,cut1,2951,POPC,209,21.3760929107666,233.9248809814453,100.58195495605469
2951,cut1,2951,POPC,210,49.81590270996094,191.81411743164062,89.23149108886719
2951,cut1,2951,POPC,211,177.07427978515625,116.358154296875,94.2677993774414
2951,cut1,2951,POPC,212,21.638322830200195,-0.20886701345443726,101.16928100585938
2951,cut1,2951,POPC,213,154.51339721679688,70.56298828125,95.16157531738281
2951,cut1,2951,POPC,214,182.96005249023438,176.82394409179688,90.57035064697266
2951,cut1,2951,POPC,215,7.696969985961914,4.46890115737915,104.1993408203125
2951,cut1,2951,POPC,216,92.72225189208984,24.34217071533203,98.423583984375
2951,cut1,2951,POPC,217,145.04214477539062,134.82778930664062,89.18197631835938
2951,cut1,2951,POPC,218,172.30885314941406,225.4029998779297,94.8749008178711
2951,cut1,2951,POPC,219,118.50630187988281,12.181118965148926,102.28594970703125
2951,cut1,2951,POPC,220,40.696739196777344,231.79380798339844,100.4055633544922
2951,cut1,2951,POPC,221,169.0201416015625,165.06613159179688,89.98414611816406
2951,cut1,2951,POPC,222,35.5518798828125,59.164642333984375,100.58952331542969
2951,cut1,2951,POPC,223,85.8399658203125,137.91038513183597,81.38096618652344
2951,cut1,2951,POPC,224,65.91455078125,105.43122863769531,84.1091537475586
2951,cut1,2951,POPC,225,4.823156356811523,214.86083984375,97.50569915771484
2951,cut1,2951,POPC,226,24.003877639770508,140.21636962890628,75.18199920654297
2951,cut1,2951,POPC,227,71.40209197998047,193.91616821289062,88.00225830078125
2951,cut1,2951,POPC,228,7.729974746704102,70.37413024902344,93.21480560302734
2951,cut1,2951,POPC,229,97.50431060791016,86.99107360839844,82.8167495727539
2951,cut1,2951,POPC,230,143.43177795410156,165.01473999023438,84.62499237060547
2951,cut1,2951,POPC,231,159.44155883789062,49.671287536621094,97.61538696289062
2951,cut1,2951,POPC,232,134.7503662109375,184.97946166992188,46.71224594116211
2951,cut1,2951,POPC,233,114.39547729492188,166.24661254882812,83.4423828125
2951,cut1,2951,POPC,234,48.238861083984375,217.76383972167972,94.13038635253908
2951,cut1,2951,POPC,235,160.31028747558597,13.234082221984863,103.91268920898438
2951,cut1,2951,POPC,236,170.17092895507812,8.848140716552734,99.34541320800781
2951,cut1,2951,POPC,237,136.13821411132812,150.99041748046875,80.44479370117188
2951,cut1,2951,POPC,238,59.203468322753906,42.09621047973633,94.7403793334961
2951,cut1,2951,POPC,239,74.67001342773438,52.4776611328125,88.18132781982422
2951,cut1,2951,POPC,240,31.040544509887695,76.02562713623047,96.51973724365234
2951,cut1,2951,POPC,241,8.817323684692381,231.59442138671872,99.57035827636719
2951,cut1,2951,POPC,242,156.0805206298828,129.48074340820312,93.53045654296875
2951,cut1,2951,POPC,243,115.67818450927734,57.17901611328125,87.99697875976562
2951,cut1,2951,POPC,244,54.718841552734375,39.63071823120117,96.8871841430664
2951,cut1,2951,POPC,245,5.768720626831054,58.34222412109375,95.92034912109375
2951,cut1,2951,POPC,246,116.44095611572266,91.90555572509766,72.92520904541016
2951,cut1,2951,POPC,247,36.997772216796875,7.8023905754089355,67.9832992553711
2951,cut1,2951,POPC,248,66.37625885009766,94.49853515625,87.56462097167969
2951,cut1,2951,POPC,249,95.3301010131836,103.0342025756836,76.14813995361328
2951,cut1,2951,POPC,250,157.39419555664062,85.06288146972656,91.59441375732422
2951,cut1,2951,POPC,251,86.5941390991211,72.13314819335938,85.10677337646484
2951,cut1,2951,POPC,252,136.86897277832034,103.79405212402344,76.74693298339844
2951,cut1,2951,POPC,253,69.8914794921875,7.984811305999756,99.1573715209961
2951,cut1,2951,POPC,254,88.44762420654297,238.0572509765625,99.77943420410156
2951,cut1,2951,POPC,255,115.21707153320312,175.31834411621094,80.47972106933594
2951,cut1,2951,POPC,256,183.48793029785156,71.37174987792969,98.61103057861328
2951,cut1,2951,POPC,257,134.3811492919922,249.10487365722656,97.55243682861328
2951,cut1,2951,POPC,258,35.68878936767578,70.75624084472656,97.03167724609375
2951,cut1,2951,POPC,259,52.771141052246094,140.89781188964844,68.89302825927734
2951,cut1,2951,POPC,260,124.04850769042969,84.27737426757812,78.95173645019531
2951,cut1,2951,POPC,261,20.25963020324707,18.178424835205078,103.19235229492188
2951,cut1,2951,POPC,262,77.05590057373045,3.4162964820861816,98.92670440673828
2951,cut1,2951,POPC,263,47.21574401855469,101.28827667236328,89.4895248413086
2951,cut1,2951,POPC,264,42.15489196777344,65.1219253540039,97.42284393310547
2951,cut1,2951,POPC,265,159.37205505371094,193.61463928222656,89.99017333984375
2951,cut1,2951,POPC,266,118.7882308959961,244.57559204101562,102.26512908935547
2951,cut1,2951,POPC,267,136.37542724609375,158.0383758544922,81.7885971069336
2951,cut1,2951,POPC,268,118.21176147460938,184.34161376953125,82.09324645996094
2951,cut1,2951,POPC,269,181.4475555419922,246.65809631347656,101.44371795654297
2951,cut1,2951,POPC,270,66.34867858886719,225.93621826171875,98.89703369140625
2951,cut1,2951,POPC,271,34.872589111328125,243.6522674560547,103.16046905517578
2951,cut1,2951,POPC,272,123.15872955322266,1.1099233627319336,104.52239990234375
2951,cut1,2951,POPC,273,67.05247497558594,64.0677719116211,92.36343383789062
2951,cut1,2951,POPC,274,149.08551025390625,85.00626373291016,84.6510238647461
2951,cut1,2951,POPC,275,11.371026992797852,124.20469665527344,85.69367218017578
2951,cut1,2951,POPC,276,190.38336181640625,35.400970458984375,58.346065521240234
2951,cut1,2951,POPC,277,92.7641830444336,74.45136260986328,84.27813720703125
2951,cut1,2951,POPC,278,19.51585578918457,69.5566177368164,94.4115982055664
2951,cut1,2951,POPC,279,157.8777313232422,24.110788345336914,102.50989532470703
2951,cut1,2951,POPC,280,43.993064880371094,114.4143295288086,84.98178100585938
2951,cut1,2951,POPC,281,161.10308837890625,164.1082000732422,88.21166229248047
2951,cut1,2951,POPC,282,106.02198791503906,113.44095611572266,76.60212707519531
2951,cut1,2951,POPC,283,96.16114044189453,196.26922607421875,86.20000457763672
2951,cut1,2951,POPC,284,124.16567993164062,127.67344665527344,84.22281646728516
2951,cut1,2951,POPC,285,178.94837951660156,46.424434661865234,97.40213775634766
2951,cut1,2951,POPC,286,178.6487579345703,198.7191925048828,93.81022644042969
2951,cut1,2951,POPC,287,68.060546875,141.69830322265625,72.42525482177734
2951,cut1,2951,POPC,288,69.1439437866211,247.1508331298828,101.30865478515625
2951,cut1,2951,POPC,289,2.5490548610687256,35.5264778137207,98.22362518310547
2951,cut1,2951,POPC,290,79.67874145507812,240.5277099609375,100.93130493164062
2951,cut1,2951,POPC,291,181.67381286621094,225.7659149169922,98.3922348022461
2951,cut1,2951,POPC,292,47.018943786621094,186.52638244628906,82.8704605102539
2951,cut1,2951,POPC,293,15.11924934387207,240.80770874023438,101.92001342773438
2951,cut1,2951,POPC,294,165.2026824951172,22.005619049072266,103.20503234863281
2951,cut1,2951,POPC,295,128.4157257080078,81.22616577148438,44.929649353027344
2951,cut1,2951,POPC,296,76.98084259033203,29.106210708618164,97.6376724243164
2951,cut1,2951,POPC,297,5.881998062133789,102.68319702148438,91.02314758300781
2951,cut1,2951,POPC,298,118.0859603881836,158.6689453125,84.73976135253906
2951,cut1,2951,POPC,299,42.76408386230469,123.13832092285156,82.36320495605469
2951,cut1,2951,POPC,300,179.7335968017578,237.63258361816406,102.38833618164062
2951,cut1,2951,POPC,301,43.51799774169922,209.8070831298828,96.50365447998047
2951,cut1,2951,POPC,302,76.05068969726562,76.19013214111328,87.77555084228516
2951,cut1,2951,POPC,303,59.343345642089844,216.08021545410156,91.70765686035156
2951,cut1,2951,POPC,304,129.40945434570312,76.36495971679688,78.46923828125
2951,cut1,2951,POPC,305,31.183961868286133,157.45411682128906,71.11522674560547
2951,cut1,2951,POPC,306,37.52214050292969,98.7621078491211,89.1252670288086
2951,cut1,2951,POPC,307,39.95220947265625,168.20159912109375,78.96746826171875
2951,cut1,2951,POPC,308,129.65966796875,31.388174057006836,99.22598266601562
2951,cut1,2951,POPC,309,101.60755157470703,41.26665115356445,90.50272369384766
2951,cut1,2951,POPC,310,70.39580535888672,152.1834259033203,83.7332763671875
2951,cut1,2951,POPC,311,185.38488769531247,28.770544052124023,100.85133361816406
2951,cut1,2951,POPC,312,31.7540225982666,41.54788589477539,102.81983947753906
2951,cut1,2951,POPC,313,177.54409790039062,104.62715148925781,90.27954864501955
2951,cut1,2951,POPC,314,49.398338317871094,150.4418182373047,75.2528305053711
2951,cut1,2951,POPC,315,172.6803436279297,212.2034454345703,92.74091339111328
2951,cut1,2951,POPC,316,139.42320251464844,39.88895797729492,95.12207794189453
2951,cut1,2951,POPC,317,99.57321166992188,243.8802490234375,99.99446868896484
2951,cut1,2951,POPC,318,18.681337356567383,9.794279098510742,103.49066162109375
2951,cut1,2951,POPC,319,19.124277114868164,150.19134521484375,74.66851043701172
2951,cut1,2951,POPC,320,70.4292984008789,202.13389587402344,87.70709991455078
2951,cut1,2951,POPC,321,3.8952081203460693,225.0690460205078,99.2220230102539
2951,cut1,2951,POPC,322,123.76892852783203,94.46394348144531,72.4442138671875
2951,cut1,2951,POPC,323,165.99085998535156,136.25840759277344,92.2302474975586
2951,cut1,2951,POPC,324,188.67547607421875,95.40853118896484,86.59247589111328
2951,cut1,2951,POPC,325,148.03050231933594,13.183655738830566,104.02715301513672
2951,cut1,2951,POPC,326,108.4189682006836,48.78010559082031,88.49372100830078
2951,cut1,2951,POPC,327,120.9543228149414,16.8488712310791,101.20054626464844
2951,cut1,2951,POPC,328,12.385187149047852,70.63923645019531,97.91431427001953
2951,cut1,2951,POPC,329,43.42578887939453,95.28022766113281,90.89533996582031
2951,cut1,2951,POPC,330,40.489044189453125,10.645783424377441,107.21275329589844
2951,cut1,2951,POPC,331,126.17420959472656,177.52069091796878,80.6715316772461
2951,cut1,2951,POPC,332,94.26615905761719,12.85191822052002,99.65699005126953
2951,cut1,2951,POPC,333,-0.1278058886528015,118.77877044677734,92.92578887939453
2951,cut1,2951,POPC,334,167.8155517578125,100.24803924560547,88.26283264160156
2951,cut1,2951,POPC,335,27.98411750793457,2.4222540855407715,103.61898040771484
2951,cut1,2951,POPC,336,36.05125427246094,161.3358612060547,76.32515716552734
2951,cut1,2951,POPC,337,139.1107635498047,196.5709228515625,91.81299591064453
2951,cut1,2951,POPC,338,31.170930862426758,96.59785461425781,89.39628601074219
2951,cut1,2951,POPC,339,110.47005462646484,64.10675048828125,88.284423828125
2951,cut1,2951,POPC,340,153.14613342285156,21.020416259765625,101.36697387695312
2951,cut1,2951,POPC,341,129.3409881591797,196.12432861328125,86.7982406616211
2951,cut1,2951,POPC,342,39.66407012939453,29.599420547485355,105.03533172607422
2951,cut1,2951,POPC,343,32.80412292480469,206.12709045410156,96.96744537353516
2951,cut1,2951,POPC,344,87.07257843017578,63.20161437988281,87.32980346679688
2951,cut1,2951,POPC,345,157.58261108398438,125.07228088378906,89.18478393554688
2951,cut1,2951,POPC,346,160.24476623535156,91.82477569580078,87.70317077636719
2951,cut1,2951,POPC,347,181.03616333007812,200.94854736328125,56.305458068847656
2951,cut1,2951,POPC,348,125.36286926269531,71.4234848022461,80.72542572021484
2951,cut1,2951,POPC,349,188.15521240234375,10.806761741638184,97.11820220947266
2951,cut1,2951,POPC,350,133.35345458984375,109.57974243164062,85.17633056640625
2951,cut1,2951,POPC,351,27.845605850219727,181.47630310058594,87.9921875
2951,cut1,2951,POPC,352,11.798433303833008,37.74686813354492,103.30398559570312
2951,cut1,2951,POPC,353,173.71438598632812,236.68780517578125,101.08135223388672
2951,cut1,2951,POPC,354,21.038812637329098,104.35530090332031,88.17288970947266
2951,cut1,2951,POPC,355,77.6355972290039,139.52272033691406,76.20162200927734
2951,cut1,2951,POPC,356,98.40070343017578,225.56678771972656,102.35888671875001
2951,cut1,2951,POPC,357,187.04998779296875,89.58320617675781,90.37666320800781
2951,cut1,2951,POPC,358,78.67074584960938,175.93186950683597,83.22418212890625
2951,cut1,2951,POPC,359,144.53985595703125,221.27313232421875,90.12760925292969
2951,cut1,2951,POPC,360,32.82122039794922,230.2896270751953,101.80924224853516
2951,cut1,2951,POPC,361,50.826583862304695,202.32313537597656,92.12606811523438
2951,cut1,2951,POPC,362,87.70719909667969,17.362836837768555,99.95829010009767
2951,cut1,2951,POPC,363,127.71245574951172,136.43508911132812,84.9988021850586
2951,cut1,2951,POPC,364,63.48375701904297,144.10916137695312,74.16665649414062
2951,cut1,2951,POPC,365,74.86249542236328,63.41206359863281,86.58325958251953
2951,cut1,2951,POPC,366,95.87757873535156,112.54212951660156,82.9874496459961
2951,cut1,2951,POPC,367,152.1409149169922,138.4532012939453,90.81914520263672
2951,cut1,2951,POPC,368,159.849365234375,59.30705261230469,97.07647705078125
2951,cut1,2951,POPC,369,132.2937469482422,16.705657958984375,98.93158721923828
2951,cut1,2951,POPC,370,147.2218475341797,169.9582977294922,82.94969177246094
2951,cut1,2951,POPC,371,39.306060791015625,157.7883758544922,74.12220764160156
2951,cut1,2951,POPC,372,18.91540718078613,210.9071197509766,95.84170532226562
2951,cut1,2951,POPC,373,62.36188507080078,203.05126953125,88.30044555664062
2951,cut1,2951,POPC,374,190.6603240966797,48.40305709838867,96.04869079589844
2951,cut1,2951,POPC,375,61.253501892089844,234.80856323242188,97.60833740234375
2951,cut1,2951,POPC,376,44.890960693359375,106.12322998046875,86.16997528076172
2951,cut1,2951,POPC,377,81.02131652832031,33.30672073364258,96.27210235595703
2951,cut1,2951,POPC,378,98.51969909667969,97.39325714111328,77.52505493164062
2951,cut1,2951,POPC,379,-0.02541559934616089,62.37737274169922,98.71609497070312
2951,cut1,2951,POPC,380,60.8387451171875,80.01583099365234,90.64427947998047
2951,cut1,2951,POPC,381,53.137611389160156,236.4690704345703,95.06016540527344
2951,cut1,2951,POPC,382,33.31220245361328,171.07618713378906,81.85775756835938
2951,cut1,2951,POPC,383,147.25949096679688,35.44270706176758,96.20291137695312
2951,cut1,2951,POPC,384,21.30479621887207,156.36593627929688,76.94429016113281
2951,cut1,2951,POPC,385,138.4370880126953,182.81959533691406,88.75296020507812
2951,cut1,2951,POPC,386,99.51449584960938,-1.6702113151550293,100.73980712890625
2951,cut1,2951,POPC,387,82.6549301147461,20.938322067260742,100.38196563720703
2951,cut1,2951,POPC,388,76.96670532226562,146.2357635498047,83.17247772216797
2951,cut1,2951,POPC,389,167.04879760742188,39.653316497802734,100.1087875366211
2951,cut1,2951,POPC,390,182.353759765625,122.71269989013672,95.48641204833984
2951,cut1,2951,POPC,391,171.49685668945312,32.74964904785156,99.46243286132812
2951,cut1,2951,POPC,392,88.9920654296875,149.77279663085938,87.21485900878906
2951,cut1,2951,POPC,393,176.1188201904297,205.20018005371094,94.40103912353516
2951,cut1,2951,POPC,394,42.731346130371094,25.404491424560547,104.87483215332031
2951,cut1,2951,POPC,395,190.11053466796875,161.45687866210938,53.55927658081055
2951,cut1,2951,POPC,396,75.22715759277344,168.0502471923828,83.278564453125
2951,cut1,2951,POPC,397,176.08412170410156,59.58838653564453,94.04973602294922
2951,cut1,2951,POPC,398,152.13018798828125,150.35357666015625,88.03556823730469
2951,cut1,2951,POPC,399,7.0408687591552725,111.13560485839844,90.8801498413086
2951,cut1,2951,POPC,400,85.84385681152344,92.24646759033203,78.63424682617188
2951,cut1,2951,POPC,401,157.3843536376953,201.3109588623047,88.69595336914062
2951,cut1,2951,POPC,402,102.74083709716797,57.44470596313476,87.72866821289061
2951,cut1,2951,POPC,403,140.9950714111328,111.96208190917969,85.86705017089844
2951,cut1,2951,POPC,404,128.96530151367188,165.98043823242188,82.95272827148438
2951,cut1,2951,POPC,405,59.05137634277344,3.851423740386963,100.61890411376953
2951,cut1,2951,POPC,406,23.986398696899414,204.86610412597656,95.38008117675781
2951,cut1,2951,POPC,407,148.40582275390625,206.75546264648438,89.2409896850586
2951,cut1,2951,POPC,408,155.5225830078125,29.23802375793457,98.4495849609375
2951,cut1,2951,POPC,409,62.69585418701172,241.48843383789062,98.54827117919922
2951,cut1,2951,POPC,410,86.2933349609375,167.93051147460938,80.87037658691406
2951,cut1,2951,POPC,411,93.81368255615234,34.95637512207031,95.23500061035156
2951,cut1,2951,POPC,412,53.65281677246094,76.92301940917969,94.22262573242188
2951,cut1,2951,POPC,413,154.15614318847656,93.70557403564453,87.07353973388672
2951,cut1,2951,POPC,414,4.771875381469727,97.00360107421875,88.93978118896484
2951,cut1,2951,POPC,415,170.86273193359375,17.32494354248047,101.04845428466797
2951,cut1,2951,POPC,416,109.67716979980469,229.58656311035156,107.03467559814453
2951,cut1,2951,POPC,417,18.18438148498535,185.06568908691406,88.7286605834961
2951,cut1,2951,POPC,418,116.60491180419922,25.613178253173828,103.19277954101562
2951,cut1,2951,POPC,419,53.96391296386719,34.54176712036133,100.44302368164062
2951,cut1,2951,POPC,420,41.00267028808594,86.95089721679688,90.37056732177734
2951,cut1,2951,POPC,421,94.6795654296875,137.40281677246094,81.90762329101562
2951,cut1,2951,POPC,422,73.1354751586914,11.956562995910645,102.33917999267578
2951,cut1,2951,POPC,423,173.11558532714844,3.7129874229431152,104.80709075927734
2951,cut1,2951,POPC,424,104.03429412841797,87.78289794921875,82.18250274658203
2951,cut1,2951,POPC,425,162.7511749267578,79.7423095703125,91.08863067626953
2951,cut1,2951,POPC,426,32.245811462402344,181.35279846191406,84.1280288696289
2951,cut1,2951,POPC,427,50.99540710449219,244.53109741210938,96.26167297363281
2951,cut1,2951,POPC,428,167.41342163085938,152.5814208984375,89.07261657714844
2951,cut1,2951,POPC,429,147.27355957031253,112.64569854736328,87.9612808227539
2951,cut1,2951,POPC,430,79.74625396728516,65.34919738769531,87.90313720703125
2951,cut1,2951,POPC,431,193.39878845214844,70.69756317138672,97.0205307006836
2951,cut1,2951,POPC,432,-2.8777334690093994,217.21519470214844,94.08036804199219
2951,cut1,2951,POPC,433,180.2139434814453,140.8385009765625,90.87393188476562
2951,cut1,2951,POPC,434,24.790536880493164,77.3022689819336,95.16625213623047
2951,cut1,2951,POPC,435,138.24900817871094,125.6817398071289,86.37532806396484
2951,cut1,2951,POPC,436,165.1173553466797,88.67131805419922,89.9712905883789
2951,cut1,2951,POPC,437,83.88250732421875,98.96919250488281,76.30766296386719
2951,cut1,2951,POPC,438,21.190950393676758,62.41436004638672,97.87153625488281
2951,cut1,2951,POPC,439,60.82575225830078,22.07879066467285,103.38888549804688
2951,cut1,2951,POPC,440,14.146760940551758,221.68930053710938,99.16865539550781
2951,cut1,2951,POPC,441,26.361032485961914,47.62496566772461,102.03263092041017
2951,cut1,2951,POPC,442,168.27386474609378,217.0384063720703,94.44744873046875
2951,cut1,2951,POPC,443,133.58987426757812,134.25796508789062,85.93360137939453
2951,cut1,2951,POPC,444,7.013788223266602,247.96070861816406,97.48410034179688
2951,cut1,2951,POPC,445,181.52835083007812,8.23669147491455,97.4636001586914
2951,cut1,2951,POPC,446,129.30979919433594,115.59281921386719,79.874755859375
2951,cut1,2951,POPC,447,107.50680541992188,191.1439971923828,77.68537139892578
2951,cut1,2951,POPC,448,151.92279052734375,41.663639068603516,93.30216979980469
2951,cut1,2951,POPC,449,0.6688287854194641,104.64376831054688,89.34054565429688
2951,cut1,2951,POPC,450,51.95643615722656,113.81995391845703,80.79273223876953
2951,cut1,2951,POPC,451,140.23837280273438,143.064208984375,83.35179901123047
2951,cut1,2951,POPC,452,161.9748077392578,148.63365173339844,92.60395812988281
2951,cut1,2951,POPC,453,152.58143615722656,195.81787109375,88.38568878173828
2951,cut1,2951,POPC,454,76.75668334960938,159.58432006835938,88.38166046142578
2951,cut1,2951,POPC,455,55.60002899169922,85.810302734375,89.61469268798828
2951,cut1,2951,POPC,456,59.42417907714844,14.48865795135498,104.03721618652344
2951,cut1,2951,POPC,457,76.6250991821289,181.7998046875,82.97074890136719
2951,cut1,2951,POPC,458,100.45089721679688,112.69033813476562,77.54071044921875
2951,cut1,2951,POPC,459,160.96292114257812,157.07244873046875,86.86996459960938
2951,cut1,2951,POPC,460,80.9748306274414,77.63597106933594,85.9658203125
2951,cut1,2951,POPC,461,64.99939727783203,44.13910675048828,92.91921997070314
2951,cut1,2951,POPC,462,14.675569534301758,181.9193572998047,85.04993438720703
2951,cut1,2951,POPC,463,180.14137268066406,17.247905731201172,97.6113967895508
2951,cut1,2951,POPC,464,80.21907043457031,10.931336402893066,102.25044250488281
2951,cut1,2951,POPC,465,3.8495919704437256,240.08828735351562,97.85074615478516
2951,cut1,2951,POPC,466,31.15239906311035,27.29598045349121,105.35636901855469
2951,cut1,2951,POPC,467,100.09437561035156,214.3907012939453,58.06973648071289
2951,cut1,2951,POPC,468,187.11537170410156,58.34953308105469,97.836181640625
2951,cut1,2951,POPC,469,59.77629089355469,105.3425064086914,85.41035461425781
2951,cut1,2951,POPC,470,36.35356140136719,3.2080397605895996,103.28768157958984
2951,cut1,2951,POPC,471,68.25897216796875,232.2775115966797,62.14360046386719
2951,cut1,2951,POPC,472,149.62062072753906,182.03466796875,87.34506225585938
2951,cut1,2951,POPC,473,180.73069763183594,186.6724395751953,95.56456756591797
2951,cut1,2951,POPC,474,175.26278686523435,178.49153137207034,92.54354858398438
2951,cut1,2951,POPC,475,157.4991455078125,183.75717163085938,86.77140045166016
2951,cut1,2951,POPC,476,158.66470336914062,44.29134750366211,100.39998626708984
2951,cut1,2951,POPC,477,64.7118911743164,198.95130920410156,86.7184829711914
2951,cut1,2951,POPC,478,173.9801025390625,133.3356475830078,90.59344482421875
2951,cut1,2951,POPC,479,179.076416015625,86.45401000976562,93.35409545898439
2951,cut1,2951,POPC,480,186.9354248046875,64.536376953125,93.792724609375
2951,cut1,2951,POPC,481,101.86822509765625,5.2300286293029785,99.25918579101562
2951,cut1,2951,POPC,482,88.1561050415039,114.2876968383789,84.02645111083984
2951,cut1,2951,POPC,483,70.14779663085938,211.40138244628906,93.11002349853516
2951,cut1,2951,POPC,484,71.86534118652344,110.85604095458984,78.8042221069336
2951,cut1,2951,POPC,485,60.347625732421875,92.82859802246094,89.41423034667969
2951,cut1,2951,POPC,486,81.0686264038086,232.18629455566406,100.14051818847656
2951,cut1,2951,POPC,487,173.86058044433594,38.349056243896484,101.06263732910156
2951,cut1,2951,POPC,488,139.24339294433594,208.22854614257812,90.92741394042969
2951,cut1,2951,POPC,489,152.90460205078125,177.50689697265625,88.88568115234375
2951,cut1,2951,POPC,490,65.45613861083984,161.5848388671875,84.78295135498047
2951,cut1,2951,POPC,491,14.96483039855957,91.8631820678711,93.1760482788086
2951,cut1,2951,POPC,492,169.2472686767578,141.28802490234375,91.69999694824219
2951,cut1,2951,POPC,493,48.82837677001953,36.673336029052734,101.14277648925781
2951,cut1,2951,POPC,494,13.107660293579102,60.68378448486328,98.27995300292969
2951,cut1,2951,POPC,495,92.7231674194336,214.2706756591797,100.03059387207031
2951,cut1,2951,POPC,496,88.17292022705078,39.84294509887695,93.20284271240234
2951,cut1,2951,POPC,497,31.7405948638916,148.42063903808594,73.12793731689453
2951,cut1,2951,POPC,498,130.30697631835938,148.7703094482422,80.72791290283203
2951,cut1,2951,POPC,499,119.01897430419922,134.67176818847656,82.1587905883789
2951,cut1,2951,POPC,500,98.36331939697266,52.10968780517578,88.65554046630858
2951,cut1,2951,POPC,501,72.10271453857422,173.82554626464844,85.19146728515625
2951,cut1,2951,POPC,502,42.43211364746094,143.83441162109375,72.49840545654297
2951,cut1,2951,POPC,503,4.090963363647461,19.00096893310547,101.23431396484375
2951,cut1,2951,POPC,504,49.621360778808594,157.01661682128906,80.5489730834961
2951,cut1,2951,POPC,505,80.24683380126953,223.38113403320312,99.29557800292969
2951,cut1,2951,POPC,506,13.848749160766602,46.85615158081055,101.8280029296875
2951,cut1,2951,POPC,507,92.17371368408203,52.21316146850586,92.7366714477539
2951,cut1,2951,POPC,508,89.27413177490234,196.3128204345703,87.93211364746094
2951,cut1,2951,POPC,509,119.42084503173828,193.01681518554688,80.60092163085938
2951,cut1,2951,POPC,510,181.99563598632812,195.13121032714844,94.67799377441405
2951,cut1,2951,POPC,511,97.8837661743164,58.77130126953125,49.85162353515625
2951,cut1,2951,POPC,512,114.81214904785156,78.59444427490234,81.39362335205078
2951,cut1,2951,POPC,513,108.0752182006836,104.18756866455078,75.94631958007812
2951,cut1,2951,POPC,514,7.28111457824707,50.47376251220703,101.35025024414062
2951,cut1,2951,POPC,515,106.68659973144531,20.347858428955078,99.97490692138672
2951,cut1,2951,POPC,516,51.853546142578125,69.4559326171875,97.56205749511719
2951,cut1,2951,POPC,517,87.09136199951172,216.05023193359375,99.29206085205078
2951,cut1,2951,POPC,518,60.443687438964844,139.10691833496094,69.67613220214844
2951,cut1,2951,POPC,519,118.65684509277344,71.89110565185547,81.64646911621094
2951,cut1,2951,POPC,520,71.8683090209961,58.79472351074219,90.12310791015625
2951,cut1,2951,POPC,521,65.76640319824219,56.910430908203125,94.58478546142578
2951,cut1,2951,POPC,522,11.593935012817383,107.6762924194336,92.84738159179688
2951,cut1,2951,POPC,523,143.6324462890625,180.09854125976562,87.68892669677734
2951,cut1,2951,POPC,524,44.04607391357422,247.30905151367188,101.38531494140625
2951,cut1,2951,POPC,525,97.64002990722656,219.5519256591797,100.2209243774414
2951,cut1,2951,POPC,526,36.888153076171875,91.74195861816406,87.45590209960938
2951,cut1,2951,POPC,527,188.36920166015625,24.09268569946289,96.77017974853516
2951,cut1,2951,POPC,528,85.21292877197266,46.53441619873047,91.94461822509766
2951,cut1,2951,POPC,529,12.493257522583008,23.960538864135742,106.28628540039062
2951,cut1,2951,POPC,530,7.236154556274414,203.74298095703125,97.30328369140625
2951,cut1,2951,POPC,531,55.92479705810547,203.064208984375,87.0337905883789
2951,cut1,2951,POPC,532,8.924371719360352,118.4415054321289,90.09130096435547
2951,cut1,2951,POPC,533,187.8711395263672,79.42538452148438,96.7310791015625
2951,cut1,2951,POPC,534,159.546875,208.3595428466797,90.34048461914064
2951,cut1,2951,POPC,535,-1.6033728122711182,244.6872100830078,98.57162475585938
2951,cut1,2951,POPC,536,62.02759552001953,118.51945495605469,81.87890625
2951,cut1,2951,POPC,537,144.7505645751953,125.21929931640625,87.92192840576172
2951,cut1,2951,POPC,538,13.56425666809082,85.87936401367188,93.71893310546875
2951,cut1,2951,POPC,539,153.1494598388672,212.8610382080078,89.94914245605469
2951,cut1,2951,POPC,540,71.76210021972656,251.67372131347656,96.82835388183594
2951,cut1,2951,POPC,541,174.83518981933594,25.197021484375004,98.87799072265625
2951,cut1,2951,POPC,542,166.08847045898438,6.423481464385986,103.89059448242188
2951,cut1,2951,POPC,543,38.806396484375,191.29531860351562,89.58458709716797
2951,cut1,2951,POPC,544,48.4715576171875,58.84546661376953,96.81741333007812
2951,cut1,2951,POPC,545,180.5147705078125,91.8877182006836,87.91610717773438
2951,cut1,2951,POPC,546,147.57528686523438,193.00326538085938,90.25008392333983
2951,cut1,2951,POPC,547,64.64861297607422,72.54907989501953,94.1186752319336
2951,cut1,2951,POPC,548,2.0393922328948975,43.98741912841797,99.4958267211914
2951,cut1,2951,POPC,549,64.54900360107422,149.87388610839844,80.5840835571289
2951,cut1,2951,POPC,550,98.6387939453125,120.3917007446289,81.15190124511719
2951,cut1,2951,POPC,551,53.895668029785156,103.48053741455078,88.2953872680664
2951,cut1,2951,POPC,552,192.09278869628906,221.2061309814453,98.60923767089844
2951,cut1,2951,POPC,553,57.47618103027344,151.6067657470703,83.04266357421875
2951,cut1,2951,POPC,554,21.323854446411133,171.75909423828125,85.78388977050781
2951,cut1,2951,POPC,555,52.219268798828125,177.79434204101562,82.53526306152344
2951,cut1,2951,POPC,556,54.16328430175781,91.6169662475586,92.88288879394531
2951,cut1,2951,POPC,557,65.47405242919922,173.67974853515625,87.91327667236328
2951,cut1,2951,POPC,558,68.28590393066406,25.83319854736328,101.6663589477539
2951,cut1,2951,POPC,559,169.69239807128906,70.09331512451172,91.7044448852539
2951,cut1,2951,POPC,560,162.68173217773438,68.67176818847656,95.66853332519531
2951,cut1,2951,POPC,561,103.94933319091797,100.5713119506836,74.69649505615234
2951,cut1,2951,POPC,562,147.53173828125,146.39427185058597,87.76647186279297
2951,cut1,2951,POPC,563,59.16059112548828,226.01849365234375,96.23477172851562
2951,cut1,2951,POPC,564,57.269996643066406,52.24525451660156,93.96747589111328
2951,cut1,2951,POPC,565,46.2620849609375,240.49322509765625,97.96907806396484
2951,cut1,2951,POPC,566,179.68649291992188,172.0961151123047,93.64717864990234
2951,cut1,2951,POPC,567,93.95883178710938,176.20127868652344,87.30863952636719
2951,cut1,2951,POPC,568,76.74066162109375,133.4247589111328,71.40603637695312
2951,cut1,2951,POPC,569,171.7996368408203,75.61975860595703,91.78189849853516
2951,cut1,2951,POPC,570,154.18272399902344,56.24872589111328,96.54320526123047
2951,cut1,2951,POPC,571,10.267129898071289,237.49203491210938,100.0271987915039
2951,cut1,2951,POPC,572,146.6890411376953,155.61505126953125,86.09471130371094
2951,cut1,2951,POPC,573,44.25587463378906,122.99847412109375,44.604034423828125
2951,cut1,2951,POPC,574,74.3508071899414,20.281652450561523,100.37693786621094
2951,cut1,2951,POPC,575,169.30813598632812,83.64653015136719,90.76696014404297
2951,cut1,2951,POPC,576,140.82037353515625,188.3269805908203,89.95361328125
2951,cut1,2951,POPC,577,23.863855361938477,55.318973541259766,100.68265533447266
2951,cut1,2951,POPC,578,169.91455078125,181.8173370361328,92.49578094482422
2951,cut1,2951,POPC,579,142.19186401367188,152.626220703125,84.56809997558594
2951,cut1,2951,POPC,580,118.80439758300781,231.0514678955078,105.24688720703125
2951,cut1,2951,POPC,581,19.2956485748291,201.8475799560547,93.66581726074219
2951,cut1,2951,POPC,582,1.889524221420288,63.163856506347656,57.51495361328125
2951,cut1,2951,POPC,583,158.59185791015625,37.57311248779297,97.89971160888672
2951,cut1,2951,POPC,584,170.3427734375,158.3000030517578,87.40839385986328
2951,cut1,2951,POPC,585,195.19068908691406,231.31204223632812,97.46844482421874
2951,cut1,2951,POPC,586,107.44058227539062,248.88739013671875,103.02070617675781
2951,cut1,2951,POPC,587,40.86212158203125,196.06378173828125,93.11666107177734
2951,cut1,2951,POPC,588,59.84614562988281,158.89743041992188,83.6269302368164
2951,cut1,2951,POPC,589,54.800254821777344,80.2223129272461,48.549217224121094
2951,cut1,2951,POPC,590,87.77945709228516,204.45086669921875,91.61534118652344
2951,cut1,2951,POPC,591,27.87436866760254,228.13186645507812,99.32628631591797
2951,cut1,2951,POPC,592,40.83732604980469,217.43606567382812,94.19217681884766
2951,cut1,2951,POPC,593,145.45748901367188,212.9077301025391,89.96158599853516
2951,cut1,2951,POPC,594,115.27203369140625,153.2790985107422,81.3620376586914
2951,cut1,2951,POPC,595,187.6053009033203,41.511112213134766,98.87541198730469
2951,cut1,2951,POPC,596,87.9966812133789,245.3607635498047,101.4802017211914
2951,cut1,2951,POPC,597,78.88823699951172,203.68020629882812,91.68619537353516
2951,cut1,2951,POPC,598,28.024560928344727,165.5021209716797,84.26548767089844
2951,cut1,2951,POPC,599,148.79464721679688,62.56221008300781,94.12560272216797
2951,cut1,2951,POPC,600,75.71932220458984,236.66163635253906,102.72367095947266
2951,cut1,2951,POPC,601,73.8962173461914,88.18405151367188,89.70767211914062
2951,cut1,2951,POPC,602,95.17252349853516,205.9480133056641,93.750244140625
2951,cut1,2951,POPC,603,105.89042663574219,238.9825439453125,102.52024841308594
2951,cut1,2951,POPC,604,75.54413604736328,211.35446166992188,95.03087615966797
2951,cut1,2951,POPC,605,38.12950134277344,48.364402770996094,98.93494415283203
2951,cut1,2951,POPC,606,42.291160583496094,135.20919799804688,73.35978698730469
2951,cut1,2951,POPC,607,71.91954040527344,146.62736511230466,77.35368347167969
2951,cut1,2951,POPC,608,5.236352920532227,193.75631713867188,95.60426330566406
2951,cut1,2951,POPC,609,54.52014923095703,7.266550540924072,99.93678283691406
2951,cut1,2951,POPC,610,99.52154541015625,220.113037109375,59.19798278808594
2951,cut1,2951,POPC,611,63.606719970703125,86.77114868164062,90.609375
2951,cut1,2951,POPC,612,37.97400665283203,42.39581298828125,99.97900390625
2951,cut1,2951,POPC,613,31.150728225708008,188.6262664794922,87.3753890991211
2951,cut1,2951,POPC,614,177.44390869140625,1.9938993453979492,99.76130676269531
2951,cut1,2951,POPC,615,190.927490234375,209.17626953125,94.53473663330078
2951,cut1,2951,POPC,616,54.866920471191406,132.7510528564453,70.15100860595703
2951,cut1,2951,POPC,617,60.428558349609375,33.97933578491211,98.33899688720703
2951,cut1,2951,POPC,618,106.16533660888672,209.1010284423828,95.84000396728516
2951,cut1,2951,POPC,619,4.668123245239258,28.19890022277832,99.89532470703125
2951,cut1,2951,POPC,620,18.878992080688477,192.87648010253906,89.2725830078125
2951,cut1,2951,POPC,621,73.91799926757812,96.05121612548828,83.4017562866211
2951,cut1,2951,POPC,622,132.70281982421875,126.98641204833984,85.90299224853516
2951,cut1,2951,POPC,623,114.03006744384766,141.67474365234375,83.32984924316406
2951,cut1,2951,POPC,624,122.32096862792969,109.49923706054688,39.50653839111328
2951,cut1,2951,POPC,625,63.76850128173828,58.37196350097656,54.676944732666016
2951,cut1,2951,POPC,626,77.5404281616211,185.9639434814453,42.41717529296875
2951,cut1,2951,POPC,627,171.29190063476562,171.84356689453125,50.43614959716797
2951,cut1,2951,POPC,628,56.08788299560547,73.95555877685547,50.39070129394531
2951,cut1,2951,POPC,629,162.20956420898438,91.21932983398438,50.48624801635742
2951,cut1,2951,POPC,630,134.3713836669922,21.588762283325195,58.69322204589844
2951,cut1,2951,POPC,631,154.33103942871094,209.81861877441406,49.707237243652344
2951,cut1,2951,POPC,632,113.9495620727539,176.60926818847656,40.90550231933594
2951,cut1,2951,POPC,633,146.5044708251953,34.796424865722656,65.13345336914062
2951,cut1,2951,POPC,634,144.5447235107422,38.55860137939453,61.32355499267578
2951,cut1,2951,POPC,635,21.630762100219727,229.6309051513672,58.55093765258789
2951,cut1,2951,POPC,636,0.44858723878860474,17.91518211364746,62.372413635253906
2951,cut1,2951,POPC,637,62.33638000488281,233.58937072753906,60.42965316772461
2951,cut1,2951,POPC,638,101.30635833740234,6.427757740020752,65.02259063720703
2951,cut1,2951,POPC,639,41.578575134277344,242.6768035888672,63.17488098144531
2951,cut1,2951,POPC,640,22.472925186157227,217.67343139648438,55.230533599853516
2951,cut1,2951,POPC,641,89.54291534423828,241.53402709960938,60.4024658203125
2951,cut1,2951,POPC,642,103.63336944580078,226.90061950683594,58.770668029785156
2951,cut1,2951,POPC,643,42.656356811523445,86.72510528564455,45.30729675292969
2951,cut1,2951,POPC,644,34.14300537109374,106.76043701171875,47.19148635864258
2951,cut1,2951,POPC,645,105.97301483154297,14.262434959411621,62.66911315917969
2951,cut1,2951,POPC,646,179.53475952148438,191.2992401123047,54.44373321533203
2951,cut1,2951,POPC,647,0.10408955812454224,79.4405288696289,57.72677993774414
2951,cut1,2951,POPC,648,148.48220825195312,167.68878173828125,47.81781005859375
2951,cut1,2951,POPC,649,63.26690673828125,251.9578094482422,60.85841369628906
2951,cut1,2951,POPC,650,3.747323751449585,188.82557678222656,57.82857131958008
2951,cut1,2951,POPC,651,164.103271484375,205.11248779296875,57.6632194519043
2951,cut1,2951,POPC,652,168.4088134765625,231.6583709716797,53.13480758666992
2951,cut1,2951,POPC,653,60.379661560058594,218.79151916503906,55.43999099731445
2951,cut1,2951,POPC,654,11.756860733032227,30.676897048950195,60.86622619628906
2951,cut1,2951,POPC,655,2.417196035385132,56.60677719116211,55.24732971191406
2951,cut1,2951,POPC,656,40.106712341308594,179.6066436767578,48.83110427856445
2951,cut1,2951,POPC,657,93.21814727783203,130.76138305664062,48.038475036621094
2951,cut1,2951,POPC,658,16.031267166137695,99.50294494628906,52.81324005126953
2951,cut1,2951,POPC,659,40.56195831298828,52.16294860839844,56.67448425292969
2951,cut1,2951,POPC,660,126.86689758300781,12.60413646697998,59.598575592041016
2951,cut1,2951,POPC,661,180.72825622558594,183.29342651367188,52.555442810058594
2951,cut1,2951,POPC,662,159.45005798339844,167.9327850341797,48.20648956298828
2951,cut1,2951,POPC,663,182.88244628906247,216.8383026123047,54.41979217529297
2951,cut1,2951,POPC,664,70.51287841796875,-1.2033724784851074,62.859764099121094
2951,cut1,2951,POPC,665,152.91387939453125,175.20700073242188,48.20675277709961
2951,cut1,2951,POPC,666,44.16978454589844,9.4684476852417,69.51570892333984
2951,cut1,2951,POPC,667,44.83891296386719,23.405960083007812,63.763343811035156
2951,cut1,2951,POPC,668,162.8003387451172,59.69696044921875,56.450992584228516
2951,cut1,2951,POPC,669,167.2127685546875,-3.043649196624756,63.6449203491211
2951,cut1,2951,POPC,670,55.40156555175781,175.56607055664062,53.45401382446289
2951,cut1,2951,POPC,671,93.29170989990234,2.711273670196533,61.706703186035156
2951,cut1,2951,POPC,672,171.3855743408203,128.1312255859375,56.315433502197266
2951,cut1,2951,POPC,673,49.7894287109375,246.83970642089844,64.06139373779297
2951,cut1,2951,POPC,674,78.94580078125,39.29130935668945,48.78049850463867
2951,cut1,2951,POPC,675,176.87118530273438,187.1156768798828,50.52958679199219
2951,cut1,2951,POPC,676,8.460466384887695,17.308759689331055,64.75433349609375
2951,cut1,2951,POPC,677,107.59479522705078,78.34192657470703,48.04235076904297
2951,cut1,2951,POPC,678,33.13200378417969,77.81749725341797,60.058265686035156
2951,cut1,2951,POPC,679,112.29568481445312,140.3464660644531,39.77264404296875
2951,cut1,2951,POPC,680,40.51115417480469,58.58887481689453,56.734012603759766
2951,cut1,2951,POPC,681,85.1342544555664,207.72146606445312,46.36017990112305
2951,cut1,2951,POPC,682,11.801362991333008,235.66709899902344,61.25475311279297
2951,cut1,2951,POPC,683,98.83697509765625,41.316192626953125,58.99615478515625
2951,cut1,2951,POPC,684,50.41747283935547,70.06912231445312,56.892242431640625
2951,cut1,2951,POPC,685,38.74395751953124,74.48023223876953,60.32018280029297
2951,cut1,2951,POPC,686,153.61788940429688,35.25193786621094,61.12852478027344
2951,cut1,2951,POPC,687,60.594398498535156,183.94436645507812,50.18537139892578
2951,cut1,2951,POPC,688,107.1451644897461,142.89474487304688,43.5242919921875
2951,cut1,2951,POPC,689,68.94224548339844,204.78073120117188,46.34579086303711
2951,cut1,2951,POPC,690,62.567527770996094,81.45658111572266,48.401611328125
2951,cut1,2951,POPC,691,-0.8806211352348329,168.6531982421875,54.390785217285156
2951,cut1,2951,POPC,692,76.45367431640625,11.095990180969238,53.73007583618164
2951,cut1,2951,POPC,693,121.27507781982422,20.01992416381836,62.73595428466797
2951,cut1,2951,POPC,694,10.30333137512207,67.24895477294922,56.08048629760742
2951,cut1,2951,POPC,695,134.42295837402344,8.141866683959961,60.06242370605469
2951,cut1,2951,POPC,696,146.61061096191406,196.02450561523438,56.199207305908196
2951,cut1,2951,POPC,697,9.374589920043947,89.41951751708984,55.134490966796875
2951,cut1,2951,POPC,698,86.1037368774414,59.25450897216797,50.791847229003906
2951,cut1,2951,POPC,699,19.33873176574707,63.774139404296875,55.314510345458984
2951,cut1,2951,POPC,700,55.57225036621094,245.33689880371094,63.78715515136719
2951,cut1,2951,POPC,701,9.187219619750977,248.9979705810547,61.97747802734375
2951,cut1,2951,POPC,702,95.29932403564453,204.29347229003906,48.96766662597656
2951,cut1,2951,POPC,703,54.062477111816406,25.519546508789062,60.29823303222656
2951,cut1,2951,POPC,704,10.922967910766602,192.93936157226562,96.1971969604492
2951,cut1,2951,POPC,705,48.20208740234375,76.8409194946289,51.272979736328125
2951,cut1,2951,POPC,706,163.473876953125,53.992069244384766,57.23201370239258
2951,cut1,2951,POPC,707,36.431983947753906,60.812965393066406,59.577735900878906
2951,cut1,2951,POPC,708,82.64364624023438,74.42940521240234,56.919925689697266
2951,cut1,2951,POPC,709,178.35516357421875,9.817578315734863,58.99687957763672
2951,cut1,2951,POPC,710,9.993745803833008,58.27528381347656,55.298316955566406
2951,cut1,2951,POPC,711,13.265199661254883,25.8618221282959,63.80156707763672
2951,cut1,2951,POPC,712,24.177278518676758,27.941015243530273,68.28057861328125
2951,cut1,2951,POPC,713,186.3046875,204.8051300048828,56.11735534667969
2951,cut1,2951,POPC,714,46.17124938964844,223.39984130859375,57.22211837768555
2951,cut1,2951,POPC,715,86.58824157714844,232.01077270507812,58.619583129882805
2951,cut1,2951,POPC,716,53.56654357910156,184.1341552734375,52.45847702026367
2951,cut1,2951,POPC,717,102.94208526611328,89.5208969116211,41.70549011230469
2951,cut1,2951,POPC,718,5.048173904418945,241.93783569335938,61.76268768310547
2951,cut1,2951,POPC,719,123.5274887084961,168.7605743408203,42.262359619140625
2951,cut1,2951,POPC,720,62.029502868652344,74.66242980957031,49.39069366455078
2951,cut1,2951,POPC,721,176.05543518066406,122.11399841308594,57.84981918334961
2951,cut1,2951,POPC,722,57.08131408691406,61.775665283203125,53.83028030395507
2951,cut1,2951,POPC,723,58.36351013183594,225.63687133789062,56.23232650756836
2951,cut1,2951,POPC,724,29.589998245239258,64.14479064941406,55.58484649658203
2951,cut1,2951,POPC,725,103.60293579101562,29.954435348510742,58.6265754699707
2951,cut1,2951,POPC,726,29.698984146118164,5.555873394012451,64.51786041259766
2951,cut1,2951,POPC,727,174.94622802734375,234.8647918701172,53.32466125488281
2951,cut1,2951,POPC,728,56.703697204589844,191.1634979248047,52.384761810302734
2951,cut1,2951,POPC,729,51.031959533691406,239.73008728027344,63.08935546875
2951,cut1,2951,POPC,730,4.66649055480957,201.24220275878906,55.93021774291992
2951,cut1,2951,POPC,731,13.255975723266602,229.34286499023438,58.12205123901367
2951,cut1,2951,POPC,732,146.6807708740234,177.38735961914062,47.55217361450195
2951,cut1,2951,POPC,733,148.45175170898438,106.47752380371094,40.43560028076172
2951,cut1,2951,POPC,734,191.76632690429688,23.30243492126465,60.164283752441406
2951,cut1,2951,POPC,735,147.36927795410156,133.56515502929688,46.960079193115234
2951,cut1,2951,POPC,736,120.7845230102539,238.02285766601562,69.1170654296875
2951,cut1,2951,POPC,737,109.54234313964844,8.128518104553223,62.65303039550781
2951,cut1,2951,POPC,738,181.89662170410156,71.57234191894531,63.69313049316407
2951,cut1,2951,POPC,739,65.69031524658203,193.40135192871094,48.10890579223633
2951,cut1,2951,POPC,740,45.38574981689453,207.60858154296875,49.39530944824219
2951,cut1,2951,POPC,741,107.20482635498047,70.41011810302734,45.72993469238281
2951,cut1,2951,POPC,742,169.22198486328125,240.5130157470703,59.434364318847656
2951,cut1,2951,POPC,743,65.47038269042969,93.64825439453125,44.02724075317383
2951,cut1,2951,POPC,744,98.1888656616211,10.465592384338379,61.72063446044922
2951,cut1,2951,POPC,745,165.74339294433594,47.152679443359375,56.85580062866211
2951,cut1,2951,POPC,746,180.55368041992188,59.3399658203125,60.520530700683594
2951,cut1,2951,POPC,747,51.856414794921875,217.5742645263672,54.251869201660156
2951,cut1,2951,POPC,748,152.15554809570312,191.95892333984375,56.995018005371094
2951,cut1,2951,POPC,749,111.80011749267578,231.7686309814453,62.70777893066406
2951,cut1,2951,POPC,750,50.097496032714844,155.1991729736328,38.02367401123047
2951,cut1,2951,POPC,751,22.207033157348633,109.8956527709961,48.930816650390625
2951,cut1,2951,POPC,752,160.4302978515625,135.59515380859375,53.55298614501953
2951,cut1,2951,POPC,753,176.23069763183594,82.215087890625,58.894432067871094
2951,cut1,2951,POPC,754,182.00010681152344,152.77665710449216,59.55986022949219
2951,cut1,2951,POPC,755,61.20610809326172,244.8946533203125,64.2527847290039
2951,cut1,2951,POPC,756,72.73699188232422,193.79330444335938,41.97651672363281
2951,cut1,2951,POPC,757,67.37566375732422,186.3554229736328,49.25889205932617
2951,cut1,2951,POPC,758,54.62218475341797,234.662841796875,59.39950942993164
2951,cut1,2951,POPC,759,194.717041015625,225.9208984375,58.384639739990234
2951,cut1,2951,POPC,760,168.32582092285156,107.12811279296876,51.16877365112305
2951,cut1,2951,POPC,761,142.1811065673828,180.1848602294922,46.4639892578125
2951,cut1,2951,POPC,762,44.34825134277344,36.606239318847656,57.09288024902344
2951,cut1,2951,POPC,763,36.41204833984375,67.05565643310547,59.2679328918457
2951,cut1,2951,POPC,764,95.1793212890625,17.389387130737305,56.28646850585937
2951,cut1,2951,POPC,765,27.80515480041504,233.1584930419922,62.83079528808594
2951,cut1,2951,POPC,766,163.69371032714844,23.28890609741211,57.48231506347656
2951,cut1,2951,POPC,767,158.81936645507812,115.05606079101562,50.65203094482422
2951,cut1,2951,POPC,768,107.1173095703125,37.30943298339844,58.85040283203125
2951,cut1,2951,POPC,769,159.2577667236328,150.31967163085938,47.01266098022461
2951,cut1,2951,POPC,770,41.64613342285156,228.0711212158203,57.888214111328125
2951,cut1,2951,POPC,771,99.47480773925781,34.657901763916016,59.05025100708008
2951,cut1,2951,POPC,772,130.7685546875,4.056305408477783,63.718719482421875
2951,cut1,2951,POPC,773,167.50726318359375,133.4182891845703,55.582969665527344
2951,cut1,2951,POPC,774,30.812089920043945,189.21359252929688,51.04669952392578
2951,cut1,2951,POPC,775,60.992591857910156,48.95116424560547,54.08165740966797
2951,cut1,2951,POPC,776,2.2357919216156006,101.6195068359375,53.044490814208984
2951,cut1,2951,POPC,777,68.78311920166016,224.97450256347656,55.60813903808594
2951,cut1,2951,POPC,778,83.73905944824219,20.765424728393555,53.04318618774414
2951,cut1,2951,POPC,779,181.1817169189453,92.37989044189453,57.73350143432617
2951,cut1,2951,POPC,780,45.20512390136719,215.91598510742188,53.40599822998047
2951,cut1,2951,POPC,781,39.62499237060547,24.9259147644043,66.36663818359375
2951,cut1,2951,POPC,782,92.65034484863281,61.482017517089844,53.898841857910156
2951,cut1,2951,POPC,783,80.09297180175781,64.6199951171875,52.39655303955078
2951,cut1,2951,POPC,784,48.455902099609375,54.0921516418457,57.913368225097656
2951,cut1,2951,POPC,785,70.29764556884766,66.7262954711914,50.58700180053711
2951,cut1,2951,POPC,786,33.73644256591797,26.841917037963867,69.9700698852539
2951,cut1,2951,POPC,787,3.939653158187866,93.26410675048828,54.85037612915039
2951,cut1,2951,POPC,788,108.9247055053711,27.144540786743164,62.07585906982422
2951,cut1,2951,POPC,789,32.35266876220703,13.732815742492676,68.85903930664062
2951,cut1,2951,POPC,790,188.4723358154297,91.6529769897461,56.66275405883789
2951,cut1,2951,POPC,791,58.148414611816406,90.98831176757812,41.73835372924805
2951,cut1,2951,POPC,792,166.193115234375,191.66336059570312,52.46457290649414
2951,cut1,2951,POPC,793,157.6527557373047,30.30962562561035,59.700775146484375
2951,cut1,2951,POPC,794,19.439058303833008,47.5338249206543,56.46384048461914
2951,cut1,2951,POPC,795,123.06501770019531,175.7172088623047,42.2447395324707
2951,cut1,2951,POPC,796,162.6085968017578,74.34829711914062,58.523990631103516
2951,cut1,2951,POPC,797,22.27898597717285,1.3416290283203125,64.79800415039062
2951,cut1,2951,POPC,798,129.99012756347656,-1.9575567245483398,65.30641174316406
2951,cut1,2951,POPC,799,93.46463012695312,32.613460540771484,57.68548583984375
2951,cut1,2951,POPC,800,55.74884033203125,11.891560554504395,66.48865509033203
2951,cut1,2951,POPC,801,85.9822769165039,251.57424926757812,60.60661315917968
2951,cut1,2951,POPC,802,157.27940368652344,93.50708770751953,52.5158576965332
2951,cut1,2951,POPC,803,113.68403625488281,242.7445068359375,66.20026397705078
2951,cut1,2951,POPC,804,117.69960021972656,225.27700805664062,62.06298828125
2951,cut1,2951,POPC,805,170.95831298828125,98.29190063476562,54.07461929321289
2951,cut1,2951,POPC,806,26.75823402404785,155.39642333984375,41.616539001464844
2951,cut1,2951,POPC,807,156.2456512451172,4.5701003074646,62.0267333984375
2951,cut1,2951,POPC,808,57.48155212402344,34.54414367675781,58.30300521850586
2951,cut1,2951,POPC,809,83.60091400146484,111.8425064086914,43.422607421875
2951,cut1,2951,POPC,810,24.14116859436035,140.82879638671875,40.21223068237305
2951,cut1,2951,POPC,811,161.4888916015625,185.10406494140625,54.74051284790038
2951,cut1,2951,POPC,812,24.32695198059082,171.9181365966797,48.775596618652344
2951,cut1,2951,POPC,813,52.49040222167969,2.7441258430480957,63.286590576171875
2951,cut1,2951,POPC,814,81.58621978759766,142.358154296875,81.3201675415039
2951,cut1,2951,POPC,815,33.18279266357422,235.18109130859375,61.70793914794922
2951,cut1,2951,POPC,816,169.0531768798828,60.05793762207031,57.96335601806641
2951,cut1,2951,POPC,817,159.89097595214844,11.167132377624512,63.79645538330078
2951,cut1,2951,POPC,818,179.1934814453125,105.48326110839844,55.90008544921875
2951,cut1,2951,POPC,819,144.57005310058594,172.13706970214844,49.66389465332031
2951,cut1,2951,POPC,820,169.68283081054688,150.7860107421875,53.06269454956055
2951,cut1,2951,POPC,821,1.0060861110687256,134.92315673828125,55.996158599853516
2951,cut1,2951,POPC,822,68.59229278564453,175.63792419433594,42.28889846801758
2951,cut1,2951,POPC,823,116.60031127929688,5.861571788787842,62.576148986816406
2951,cut1,2951,POPC,824,177.51144409179688,132.62838745117188,59.02655792236328
2951,cut1,2951,POPC,825,94.95841217041016,221.58917236328125,55.115028381347656
2951,cut1,2951,POPC,826,6.407686233520508,77.66921234130858,57.78107833862305
2951,cut1,2951,POPC,827,2.2631967067718506,124.42243194580078,54.63278579711914
2951,cut1,2951,POPC,828,50.50593566894531,63.490455627441406,56.11373519897461
2951,cut1,2951,POPC,829,87.40576171875,35.804630279541016,56.98240280151367
2951,cut1,2951,POPC,830,149.25344848632812,125.71154022216797,44.72979736328125
2951,cut1,2951,POPC,831,58.74554443359375,1.9255213737487793,64.49788665771484
2951,cut1,2951,POPC,832,2.5739076137542725,233.40037536621094,60.24199676513672
2951,cut1,2951,POPC,833,175.07492065429688,40.321563720703125,57.70035934448242
2951,cut1,2951,POPC,834,28.794504165649414,226.81570434570312,60.31010437011719
2951,cut1,2951,POPC,835,144.41810607910156,244.68536376953125,60.59089279174805
2951,cut1,2951,POPC,836,84.09733581542969,188.55210876464844,41.83682250976562
2951,cut1,2951,POPC,837,27.021814346313477,77.04566955566406,58.857330322265625
2951,cut1,2951,POPC,838,95.15982055664062,24.543071746826172,54.76572799682617
2951,cut1,2951,POPC,839,149.74722290039062,42.11277770996094,61.35572052001953
2951,cut1,2951,POPC,840,190.86474609375,50.55858612060547,56.472991943359375
2951,cut1,2951,POPC,841,174.9591064453125,65.52421569824219,59.855831146240234
2951,cut1,2951,POPC,842,48.14436340332031,202.988525390625,52.426063537597656
2951,cut1,2951,POPC,843,53.39703369140625,40.147518157958984,55.9169807434082
2951,cut1,2951,POPC,844,25.84922218322754,219.81459045410156,60.84208679199219
2951,cut1,2951,POPC,845,167.3699951171875,197.39378356933594,54.025638580322266
2951,cut1,2951,POPC,846,-2.8237249851226807,4.502901554107666,60.69621276855469
2951,cut1,2951,POPC,847,105.78762817382812,105.70494842529297,38.16926193237305
2951,cut1,2951,POPC,848,1.1602342128753662,247.6075439453125,61.29419708251953
2951,cut1,2951,POPC,849,183.5076599121094,44.313419342041016,56.99349594116211
2951,cut1,2951,POPC,850,86.69696044921875,200.84519958496094,42.8057861328125
2951,cut1,2951,POPC,851,60.30962371826172,197.4485626220703,49.53646469116211
2951,cut1,2951,POPC,852,132.7217254638672,31.582609176635742,57.62137222290039
2951,cut1,2951,POPC,853,21.94303321838379,36.84183120727539,60.87571716308594
2951,cut1,2951,POPC,854,173.5164794921875,34.1923942565918,52.15289306640625
2951,cut1,2951,POPC,855,16.43718147277832,252.4461669921875,63.462806701660156
2951,cut1,2951,POPC,856,28.373239517211914,81.89427185058594,94.79740142822266
2951,cut1,2951,POPC,857,37.439544677734375,158.0909423828125,45.11977005004883
2951,cut1,2951,POPC,858,23.832796096801758,8.07919979095459,67.38649749755861
2951,cut1,2951,POPC,859,85.60250854492188,181.02288818359375,42.11573028564453
2951,cut1,2951,POPC,860,64.67765808105469,15.364474296569824,56.17523956298828
2951,cut1,2951,POPC,861,60.972618103027344,176.88198852539062,49.761924743652344
2951,cut1,2951,POPC,862,45.91285705566406,190.6418914794922,51.02188491821289
2951,cut1,2951,POPC,863,48.804161071777344,230.96826171875,56.79263687133789
2951,cut1,2951,POPC,864,36.86369323730469,46.57347106933594,54.667945861816406
2951,cut1,2951,POPC,865,71.81787109375,57.662010192871094,50.44255447387695
2951,cut1,2951,POPC,866,120.80958557128906,163.53179931640628,40.66279602050781
2951,cut1,2951,POPC,867,65.61360931396484,148.21905517578125,40.394691467285156
2951,cut1,2951,POPC,868,161.26307678222656,68.7361068725586,56.198307037353516
2951,cut1,2951,POPC,869,88.9033432006836,109.61367797851562,41.0876121520996
2951,cut1,2951,POPC,870,64.91637420654297,217.3614044189453,51.21347427368164
2951,cut1,2951,POPC,871,142.13658142089844,8.57300090789795,61.31450653076172
2951,cut1,2951,POPC,872,75.6697006225586,202.08230590820312,43.00837326049805
2951,cut1,2951,POPC,873,47.10662841796875,14.716370582580566,65.22502136230469
2951,cut1,2951,POPC,874,168.18869018554688,72.7139663696289,59.198123931884766
2951,cut1,2951,POPC,875,24.318727493286133,91.66495513916016,53.31325149536133
2951,cut1,2951,POPC,876,125.18215942382812,245.93431091308594,64.86700439453125
2951,cut1,2951,POPC,877,95.60330200195312,75.5029525756836,48.45439910888672
2951,cut1,2951,POPC,878,185.37271118164062,210.98587036132812,55.01904296875
2951,cut1,2951,POPC,879,188.62925720214844,175.31265258789062,54.35953140258789
2951,cut1,2951,POPC,880,1.3671700954437256,86.99542236328125,55.56217575073242
2951,cut1,2951,POPC,881,23.93138313293457,17.267173767089844,68.7468490600586
2951,cut1,2951,POPC,882,22.053682327270508,83.6724624633789,56.325477600097656
2951,cut1,2951,POPC,883,117.35045623779297,28.92350959777832,64.98506164550781
2951,cut1,2951,POPC,884,159.4369354248047,192.46434020996094,55.09151077270508
2951,cut1,2951,POPC,885,181.23309326171875,140.7804718017578,57.69338607788086
2951,cut1,2951,POPC,886,74.48558044433594,52.4633903503418,51.308441162109375
2951,cut1,2951,POPC,887,98.54235076904297,115.89685821533203,39.65821838378906
2951,cut1,2951,POPC,888,13.720552444458008,45.22645568847656,57.51924514770508
2951,cut1,2951,POPC,889,168.56369018554688,141.9817352294922,53.854347229003906
2951,cut1,2951,POPC,890,85.27151489257812,224.06243896484375,53.00282669067383
2951,cut1,2951,POPC,891,7.131914138793945,229.12232971191406,60.1441650390625
2951,cut1,2951,POPC,892,112.50283813476562,0.7182398438453674,63.73005676269531
2951,cut1,2951,POPC,893,100.54571533203125,19.799686431884766,59.9401741027832
2951,cut1,2951,POPC,894,137.82882690429688,0.7968345284461975,62.56158447265625
2951,cut1,2951,POPC,895,163.93218994140625,31.945737838745117,56.47791290283203
2951,cut1,2951,POPC,896,163.4972381591797,179.0218963623047,50.51655578613281
2951,cut1,2951,POPC,897,36.249595642089844,17.624187469482422,69.60133361816406
2951,cut1,2951,POPC,898,181.2750701904297,250.59210205078125,59.394371032714844
2951,cut1,2951,POPC,899,120.37828826904297,13.589322090148926,63.63740539550781
2951,cut1,2951,POPC,900,176.77748107910156,152.52676391601562,54.268733978271484
2951,cut1,2951,POPC,901,67.32930755615234,9.871702194213867,53.740989685058594
2951,cut1,2951,POPC,902,107.39591979980469,96.0235366821289,38.856666564941406
2951,cut1,2951,POPC,903,67.38006591796875,53.30265808105469,53.65299606323242
2951,cut1,2951,POPC,904,188.3247528076172,218.71131896972656,54.68931198120117
2951,cut1,2951,POPC,905,187.01206970214844,249.72674560546875,60.19359588623047
2951,cut1,2951,POPC,906,3.709367513656616,12.225817680358887,62.78150939941406
2951,cut1,2951,POPC,907,176.73019409179688,213.36839294433594,57.36063385009766
2951,cut1,2951,POPC,908,87.74622344970703,75.26741027832031,52.3872184753418
2951,cut1,2951,POPC,909,187.39866638183594,129.77085876464844,54.70469284057617
2951,cut1,2951,POPC,910,97.19014739990234,241.02574157714844,61.95079803466797
2951,cut1,2951,POPC,911,101.20946502685547,144.78005981445312,46.59696578979492
2951,cut1,2951,POPC,912,40.55415344238281,185.3157501220703,50.5130500793457
2951,cut1,2951,POPC,913,150.65533447265625,50.23011779785156,59.61660385131836
2951,cut1,2951,POPC,914,151.57974243164062,12.504467964172363,62.004859924316406
2951,cut1,2951,POPC,915,159.501220703125,107.22154235839844,49.700889587402344
2951,cut1,2951,POPC,916,152.91598510742188,200.75489807128906,51.71064376831055
2951,cut1,2951,POPC,917,2.306695699691773,210.44619750976562,54.86273956298828
2951,cut1,2951,POPC,918,154.4228057861328,18.556089401245117,63.40217590332031
2951,cut1,2951,POPC,919,94.73641204833984,233.09738159179688,57.751747131347656
2951,cut1,2951,POPC,920,183.47769165039062,65.6881103515625,60.577247619628906
2951,cut1,2951,POPC,921,52.436676025390625,162.89596557617188,39.459529876708984
2951,cut1,2951,POPC,922,184.9894561767578,59.48619842529297,54.43498229980469
2951,cut1,2951,POPC,923,154.28172302246094,181.48770141601562,51.5035514831543
2951,cut1,2951,POPC,924,63.85490417480469,36.157806396484375,55.88679122924805
2951,cut1,2951,POPC,925,190.74464416503906,12.071951866149902,61.66587829589844
2951,cut1,2951,POPC,926,73.4956283569336,213.84034729003906,47.351661682128906
2951,cut1,2951,POPC,927,26.653772354125977,32.457096099853516,65.00210571289062
2951,cut1,2951,POPC,928,158.94830322265625,46.913299560546875,58.900325775146484
2951,cut1,2951,POPC,929,28.426057815551758,43.16093444824219,62.008148193359375
2951,cut1,2951,POPC,930,61.15577697753906,28.99595069885254,60.25433349609375
2951,cut1,2951,POPC,931,119.63983917236328,241.9803466796875,65.5649642944336
2951,cut1,2951,POPC,932,59.19123840332031,163.26995849609375,39.576358795166016
2951,cut1,2951,POPC,933,102.52356719970703,65.44816589355469,44.83164596557617
2951,cut1,2951,POPC,934,19.359590530395508,23.04393768310547,69.91047668457031
2951,cut1,2951,POPC,935,160.17140197753906,173.5836944580078,51.01887130737305
2951,cut1,2951,POPC,936,172.63705444335938,93.56431579589844,57.396366119384766
2951,cut1,2951,POPC,937,93.90603637695312,68.15957641601562,48.50311279296875
2951,cut1,2951,POPC,938,36.01888275146484,196.40219116210938,49.27629852294922
2951,cut1,2951,POPC,939,33.52037811279297,216.3678436279297,55.35115051269531
2951,cut1,2951,POPC,940,160.62496948242188,144.531005859375,52.3641357421875
2951,cut1,2951,POPC,941,-4.378156661987305,75.49842834472656,61.595008850097656
2951,cut1,2951,POPC,942,52.315162658691406,31.57295799255371,59.734981536865234
2951,cut1,2951,POPC,943,53.510963439941406,170.5203399658203,48.88582992553711
2951,cut1,2951,POPC,944,40.90289306640625,253.9959259033203,66.55731201171875
2951,cut1,2951,POPC,945,183.31471252441406,39.78116226196289,53.91018295288086
2951,cut1,2951,POPC,946,167.2781982421875,114.48634338378906,50.05098342895508
2951,cut1,2951,POPC,947,100.2419204711914,251.9441375732422,62.98194122314453
2951,cut1,2951,POPC,948,172.32537841796875,245.57542419433594,56.781497955322266
2951,cut1,2951,POPC,949,75.91889953613281,91.12065124511719,47.00464630126953
2951,cut1,2951,POPC,950,188.3444061279297,224.2065887451172,60.37171173095703
2951,cut1,2951,POPC,951,75.36543273925781,235.814453125,60.59178924560547
2951,cut1,2951,POPC,952,37.416648864746094,37.96042251586914,59.76247024536133
2951,cut1,2951,POPC,953,150.75962829589844,23.3612003326416,61.08020782470703
2951,cut1,2951,POPC,954,187.75257873535156,114.45890045166016,53.55842971801758
2951,cut1,2951,POPC,955,166.8937225341797,8.900681495666504,62.25928497314453
2951,cut1,2951,POPC,956,82.03742980957031,27.6934871673584,52.8889274597168
2951,cut1,2951,POPC,957,77.57716369628906,79.45604705810547,51.76551818847656
2951,cut1,2951,POPC,958,193.13961791992188,205.0711212158203,53.66371154785156
2951,cut1,2951,POPC,959,83.53215026855469,134.78729248046875,44.6797981262207
2951,cut1,2951,POPC,960,57.130332946777344,238.2286834716797,63.419654846191406
2951,cut1,2951,POPC,961,5.973993301391602,28.09458351135254,62.123939514160156
2951,cut1,2951,POPC,962,145.73463439941406,43.192447662353516,65.30305480957031
2951,cut1,2951,POPC,963,19.323556900024414,246.276123046875,64.85457611083984
2951,cut1,2951,POPC,964,179.8265380859375,117.45298767089844,54.200305938720696
2951,cut1,2951,POPC,965,184.3750762939453,168.80233764648438,56.31199264526367
2951,cut1,2951,POPC,966,72.3966064453125,3.7604174613952637,57.47251892089844
2951,cut1,2951,POPC,967,11.200502395629883,213.90403747558594,58.558048248291016
2951,cut1,2951,POPC,968,42.535179138183594,218.0567169189453,58.04926681518555
2951,cut1,2951,POPC,969,91.28341674804688,87.37480926513672,49.070613861083984
2951,cut1,2951,POPC,970,56.082855224609375,136.3296661376953,37.879032135009766
2951,cut1,2951,POPC,971,27.605745315551758,84.39527130126953,52.01055908203125
2951,cut1,2951,POPC,972,16.55497932434082,221.08482360839844,60.36293411254883
2951,cut1,2951,POPC,973,16.331026077270508,56.48905944824219,57.60832977294922
2951,cut1,2951,POPC,974,147.16188049316406,18.39828872680664,59.46397018432617
2951,cut1,2951,POPC,975,107.29000091552734,250.55340576171875,62.04060363769531
2951,cut1,2951,POPC,976,76.26713562011719,144.53038024902344,40.37156677246094
2951,cut1,2951,POPC,977,162.48841857910156,120.46288299560547,54.53972625732422
2951,cut1,2951,POPC,978,84.13809967041016,13.82723331451416,54.3156852722168
2951,cut1,2951,POPC,979,187.63858032226562,98.45491027832031,56.111976623535156
2951,cut1,2951,POPC,980,86.90254211425781,65.09505462646484,54.568302154541016
2951,cut1,2951,POPC,981,94.42743682861328,209.7303924560547,52.65839385986328
2951,cut1,2951,POPC,982,71.768798828125,181.51156616210938,44.93583297729492
2951,cut1,2951,POPC,983,34.33912658691406,251.56082153320312,64.46354675292969
2951,cut1,2951,POPC,984,8.440156936645508,119.1017074584961,51.696556091308594
2951,cut1,2951,POPC,985,57.31736755371094,214.50445556640625,48.843597412109375
2951,cut1,2951,POPC,986,175.59466552734372,228.83929443359375,54.71244430541992
2951,cut1,2951,POPC,987,157.91090393066406,59.10685729980469,53.04644012451172
2951,cut1,2951,POPC,988,100.02108764648438,52.57284927368164,50.567237854003906
2951,cut1,2951,POPC,989,34.23729705810547,176.8041534423828,46.48213577270508
2951,cut1,2951,POPC,990,95.33491516113281,109.939208984375,41.32902526855469
2951,cut1,2951,POPC,991,18.349870681762695,90.31379699707031,53.13331985473633
2951,cut1,2951,POPC,992,31.258623123168945,56.92970657348633,56.914424896240234
2951,cut1,2951,POPC,993,133.173828125,160.67002868652344,43.88210678100586
2951,cut1,2951,POPC,994,80.43959045410156,244.37631225585938,61.69249725341797
2951,cut1,2951,POPC,995,99.04570007324219,127.54986572265625,48.49726867675781
2951,cut1,2951,POPC,996,159.5808868408203,80.1878433227539,53.353443145751946
2951,cut1,2951,POPC,997,185.4390869140625,194.87620544433594,56.58824920654297
2951,cut1,2951,POPC,998,52.33195495605469,47.85063171386719,56.672096252441406
2951,cut1,2951,POPC,999,-0.13532084226608276,42.46422576904297,58.916561126708984
2951,cut1,2951,POPC,1000,56.87926483154297,15.005835533142092,59.21100616455078
2951,cut1,2951,POPC,1001,8.256612777709961,207.68313598632812,57.53253173828125
2951,cut1,2951,POPC,1002,62.55394744873047,20.887737274169922,58.94309616088867
2951,cut1,2951,POPC,1003,31.861833572387695,181.99217224121094,50.58363342285156
2951,cut1,2951,POPC,1004,169.56346130371094,204.90374755859375,60.617408752441406
2951,cut1,2951,POPC,1005,44.258529663085945,29.82548713684082,59.86793899536133
2951,cut1,2951,POPC,1006,34.94999694824219,151.64456176757812,43.02886199951172
2951,cut1,2951,POPC,1007,55.302459716796875,129.63143920898438,41.77582550048828
2951,cut1,2951,POPC,1008,153.3713531494141,100.59001159667969,49.1000862121582
2951,cut1,2951,POPC,1009,10.603265762329102,38.86178207397461,60.65829849243164
2951,cut1,2951,POPC,1010,124.18570709228516,103.10313415527344,39.406211853027344
2951,cut1,2951,POPC,1011,145.7805633544922,136.51380920410156,52.382537841796875
2951,cut1,2951,POPC,1012,170.85342407226562,119.28659057617188,54.41800308227539
2951,cut1,2951,POPC,1013,175.99830627441406,48.2613525390625,57.9470329284668
2951,cut1,2951,POPC,1014,158.5995330810547,198.1312713623047,54.60247802734375
2951,cut1,2951,POPC,1015,155.40606689453125,75.817626953125,54.89505386352539
2951,cut1,2951,POPC,1016,189.904541015625,29.634729385375977,57.725685119628906
2951,cut1,2951,POPC,1017,180.86306762695312,31.22662925720215,55.08169174194336
2951,cut1,2951,POPC,1018,5.740411758422852,96.86608123779297,51.047760009765625
2951,cut1,2951,POPC,1019,16.4269962310791,210.5228729248047,53.33585739135742
2951,cut1,2951,POPC,1020,157.71791076660156,22.186851501464844,58.49509811401367
2951,cut1,2951,POPC,1021,186.84649658203125,15.856757164001465,61.61058807373047
2951,cut1,2951,POPC,1022,2.813707113265991,73.37897491455078,58.855525970458984
2951,cut1,2951,POPC,1023,163.872802734375,39.79530334472656,57.342132568359375
2951,cut1,2951,POPC,1024,85.89581298828125,92.39205169677734,50.111759185791016
2951,cut1,2951,POPC,1025,76.58842468261719,218.47972106933594,53.04995346069336
2951,cut1,2951,POPC,1026,59.77428436279297,6.388622760772705,58.48284149169922
2951,cut1,2951,POPC,1027,17.772035598754883,190.85801696777344,54.05924987792969
2951,cut1,2951,POPC,1028,107.05101776123047,243.3802947998047,67.6379165649414
2951,cut1,2951,POPC,1029,166.9602508544922,81.56018829345703,59.80312728881836
2951,cut1,2951,POPC,1030,11.647180557250977,12.14465618133545,61.39213562011719
2951,cut1,2951,POPC,1031,10.732599258422852,219.6398162841797,61.58911895751953
2951,cut1,2951,POPC,1032,183.45835876464844,24.339330673217773,55.83040237426758
2951,cut1,2951,POPC,1033,184.8364715576172,6.050133228302002,61.12677764892578
2951,cut1,2951,POPC,1034,29.0579776763916,24.382720947265625,68.89075469970703
2951,cut1,2951,POPC,1035,150.7838592529297,154.62594604492188,47.37125778198242
2951,cut1,2951,POPC,1036,61.967010498046875,204.4970703125,45.52716064453125
2951,cut1,2951,POPC,1037,32.22388458251953,86.16777801513672,48.60041809082031
2951,cut1,2951,POPC,1038,38.99171447753906,237.70742797851562,61.412841796875
2951,cut1,2951,POPC,1039,158.14849853515625,128.56613159179688,48.40342712402344
2951,cut1,2951,POPC,1040,75.50537109375,73.05840301513672,51.11525344848633
2951,cut1,2951,POPC,1041,77.76093292236328,165.90447998046875,43.32960891723633
2951,cut1,2951,POPC,1042,114.57836151123047,13.979052543640137,64.7798843383789
2951,cut1,2951,POPC,1043,175.4802703857422,207.18540954589844,60.490447998046875
2951,cut1,2951,POPC,1044,161.8958740234375,158.29747009277344,48.750244140625
2951,cut1,2951,POPC,1045,9.242265701293945,111.57627868652344,52.455867767333984
2951,cut1,2951,POPC,1046,188.7920379638672,234.6881408691406,60.1677360534668
2951,cut1,2951,POPC,1047,174.3184814453125,142.45352172851562,56.326690673828125
2951,cut1,2951,POPC,1048,183.55364990234375,81.9635009765625,59.84575653076172
2951,cut1,2951,POPC,1049,143.749267578125,145.62637329101562,50.434635162353516
2951,cut1,2951,POPC,1050,26.10271644592285,181.05276489257812,52.07117462158203
2951,cut1,2951,POPC,1051,162.97872924804688,100.85028076171875,50.37816619873047
2951,cut1,2951,POPC,1052,184.73927307128906,229.08290100097656,57.05166244506836
2951,cut1,2951,POPC,1053,170.63839721679688,87.6523666381836,57.63333511352539
2951,cut1,2951,POPC,1054,179.88551330566406,97.84136962890625,54.73206329345703
2951,cut1,2951,POPC,1055,119.15379333496094,-1.8298282623291016,63.659423828125
2951,cut1,2951,POPC,1056,24.05010414123535,57.82373809814453,58.54391098022461
2951,cut1,2951,POPC,1057,80.42908477783203,34.2502555847168,53.26341247558594
2951,cut1,2951,POPC,1058,178.8418731689453,237.4646759033203,57.33734893798828
2951,cut1,2951,POPC,1059,21.649927139282227,103.2295150756836,48.21633529663086
2951,cut1,2951,POPC,1060,108.06536865234375,48.31473922729492,52.85982131958008
2951,cut1,2951,POPC,1061,89.37837982177734,95.68616485595703,39.39712905883789
2951,cut1,2951,POPC,1062,33.475868225097656,32.971500396728516,65.99232482910156
2951,cut1,2951,POPC,1063,120.25141143798828,145.1846923828125,40.01702880859375
2951,cut1,2951,POPC,1064,47.7755126953125,83.5201187133789,51.11491012573242
2951,cut1,2951,POPC,1065,20.825960159301758,200.8260498046875,53.918338775634766
2951,cut1,2951,POPC,1066,175.11773681640625,1.760368824005127,61.413917541503906
2951,cut1,2951,POPC,1067,20.720483779907227,235.70816040039062,60.86194610595703
2951,cut1,2951,POPC,1068,71.66805267333984,21.221454620361328,56.70399475097656
2951,cut1,2951,POPC,1069,147.77069091796875,190.7072296142578,53.30623626708984
2951,cut1,2951,POPC,1070,18.433610916137695,13.232945442199707,66.07119750976562
2951,cut1,2951,POPC,1071,50.227134704589844,191.4561309814453,54.63255310058594
2951,cut1,2951,POPC,1072,167.584716796875,158.76641845703125,47.932334899902344
2951,cut1,2951,POPC,1073,66.80339050292969,30.420461654663086,52.57519531249999
2951,cut1,2951,POPC,1074,79.2719497680664,179.53021240234375,43.352081298828125
2951,cut1,2951,POPC,1075,32.11821746826172,38.30706787109375,62.857147216796875
2951,cut1,2951,POPC,1076,154.9422149658203,64.99522399902344,52.11053466796875
2951,cut1,2951,POPC,1077,128.86199951171875,18.76045989990234,59.142845153808594
2951,cut1,2951,POPC,1078,174.02008056640625,107.2823486328125,52.61757278442383
2951,cut1,2951,POPC,1079,177.3638458251953,172.16416931152344,52.38108825683594
2951,cut1,2951,POPC,1080,160.32852172851562,2.327650547027588,62.81068420410156
2951,cut1,2951,POPC,1081,21.830476760864258,68.56794738769531,57.521888732910156
2951,cut1,2951,POPC,1082,191.03839111328125,194.3691864013672,56.59608459472656
2951,cut1,2951,POPC,1083,167.95436096191406,3.3767714500427246,60.96185302734375
2951,cut1,2951,POPC,1084,182.732421875,15.431792259216309,58.555999755859375
2951,cut1,2951,POPC,1085,113.08572387695312,182.93605041503903,43.87342834472656
2951,cut1,2951,POPC,1086,186.35556030273438,121.12345123291016,55.86995315551758
2951,cut1,2951,POPC,1087,37.36791229248047,95.67505645751953,44.65826797485351
2951,cut1,2951,POPC,1088,75.21333312988281,242.63522338867188,62.678993225097656
2951,cut1,2951,POPC,1089,129.14402770996094,166.7689208984375,43.414398193359375
2951,cut1,2951,POPC,1090,190.46978759765625,67.99119567871094,58.68028259277344
2951,cut1,2951,POPC,1091,110.28965759277344,223.4925079345703,58.98750686645508
2951,cut1,2951,POPC,1092,165.12292480468753,211.8407440185547,56.09202194213867
2951,cut1,2951,POPC,1093,12.685937881469727,199.9004364013672,54.4442024230957
2951,cut1,2951,POPC,1094,57.51176452636719,53.53681945800781,55.973846435546875
2951,cut1,2951,POPC,1095,71.29284667968749,82.14170837402344,47.57590866088867
2951,cut1,2951,POPC,1096,78.18203735351562,5.634841442108154,58.873775482177734
2951,cut1,2951,POPC,1097,174.54226684570312,22.4040584564209,55.14926528930664
2951,cut1,2951,POPC,1098,39.6907958984375,78.04371643066406,53.92043685913086
2951,cut1,2951,POPC,1099,123.61753845214842,30.75425910949707,59.75425338745117
2951,cut1,2951,POPC,1100,188.0164794921875,242.98150634765625,58.18937301635742
2951,cut1,2951,POPC,1101,-2.541414499282837,105.85850524902344,54.866661071777344
2951,cut1,2951,POPC,1102,119.86670684814453,184.1793670654297,46.97275161743164
2951,cut1,2951,POPC,1103,16.073083877563477,70.2990951538086,56.1232795715332
2951,cut1,2951,POPC,1104,153.99954223632812,132.81277465820312,48.290470123291016
2951,cut1,2951,POPC,1105,103.32141876220703,238.05401611328125,64.8407211303711
2951,cut1,2951,POPC,1106,67.60192871093751,163.8717803955078,42.17355728149414
2951,cut1,2951,POPC,1107,24.77824592590332,100.005859375,51.58608627319336
2951,cut1,2951,POPC,1108,108.4998550415039,209.3602752685547,58.47724533081055
2951,cut1,2951,POPC,1109,65.41038513183594,41.71084213256836,54.59229278564453
2951,cut1,2951,POPC,1110,196.96583557128906,218.65225219726562,60.925514221191406
2951,cut1,2951,POPC,1111,41.149620056152344,211.61447143554688,51.83924865722656
2951,cut1,2951,POPC,1112,184.52609252929688,135.3311309814453,57.315128326416016
2951,cut1,2951,POPC,1113,22.548357009887695,211.46981811523438,53.826969146728516
2951,cut1,2951,POPC,1114,18.98924446105957,30.268369674682617,63.90814208984375
2951,cut1,2951,POPC,1115,151.97872924804688,141.70651245117188,55.72833251953125
2951,cut1,2951,POPC,1116,176.08924865722656,163.61537170410156,51.37287902832031
2951,cut1,2951,POPC,1117,57.52587127685547,102.99652099609375,45.38796615600586
2951,cut1,2951,POPC,1118,71.3958511352539,105.00554656982422,44.357357025146484
2951,cut1,2951,POPC,1119,149.7219696044922,162.08763122558594,47.967594146728516
2951,cut1,2951,POPC,1120,86.09683227539061,6.325170993804932,58.43199920654297
2951,cut1,2951,POPC,1121,51.977325439453125,144.87429809570312,36.35852813720703
2951,cut1,2951,POPC,1122,126.53013610839844,158.38714599609375,43.773780822753906
2951,cut1,2951,POPC,1123,44.120147705078125,69.02116394042969,59.7961311340332
2951,cut1,2951,POPC,1124,86.06498718261719,40.779300689697266,49.827423095703125
2951,cut1,2951,POPC,1125,108.23765563964844,174.5633544921875,39.645904541015625
2951,cut1,2951,POPC,1126,93.8028335571289,247.26268005371094,62.941009521484375
2951,cut1,2951,POPC,1127,72.47711944580078,37.8553352355957,53.53339385986328
2951,cut1,2951,POPC,1128,167.21995544433594,14.01615047454834,58.98669815063477
2951,cut1,2951,POPC,1129,32.95276641845703,242.8901824951172,63.833457946777344
2951,cut1,2951,POPC,1130,78.54686737060547,224.9147186279297,54.89170455932617
2951,cut1,2951,POPC,1131,70.18846893310547,93.79918670654297,47.56218719482422
2951,cut1,2951,POPC,1132,141.2697296142578,140.28221130371094,51.265079498291016
2951,cut1,2951,POPC,1133,174.13912963867188,57.171379089355476,58.06998825073242
2951,cut1,2951,POPC,1134,161.9071044921875,128.95016479492188,53.2935905456543
2951,cut1,2951,POPC,1135,80.07366180419922,212.6652069091797,48.67566680908203
2951,cut1,2951,POPC,1136,91.99549102783203,217.0885009765625,56.589881896972656
2951,cut1,2951,POPC,1137,29.9077091217041,105.53375244140625,52.20525360107422
2951,cut1,2951,POPC,1138,61.1588134765625,171.1339111328125,46.90329360961914
2951,cut1,2951,POPC,1139,93.47731018066406,135.93348693847656,50.4764289855957
2951,cut1,2951,POPC,1140,15.487398147583008,116.47437286376953,48.661651611328125
2951,cut1,2951,POPC,1141,64.65127563476562,68.09514617919922,51.11979675292969
2951,cut1,2951,POPC,1142,159.16880798339844,122.67374420166016,49.262020111083984
2951,cut1,2951,POPC,1143,144.03768920898438,25.329421997070312,59.22063064575195
2951,cut1,2951,SAPI,1144,68.37274932861328,25.081558227539062,54.79454040527344
2951,cut1,2951,SAPI,1145,63.85545349121094,153.8931427001953,39.6749382019043
2951,cut1,2951,SAPI,1146,112.0748291015625,19.050983428955078,61.806007385253906
2951,cut1,2951,SAPI,1147,5.933069229125977,49.00929260253906,55.403499603271484
2951,cut1,2951,SAPI,1148,42.37049865722656,167.8973388671875,44.380924224853516
2951,cut1,2951,SAPI,1149,48.615562438964844,196.615478515625,48.11445236206055
2951,cut1,2951,SAPI,1150,114.76073455810547,162.67881774902344,38.8532829284668
2951,cut1,2951,SAPI,1151,18.93670082092285,178.471923828125,53.71285629272461
2951,cut1,2951,SAPI,1152,101.54778289794922,204.90573120117188,51.969337463378906
2951,cut1,2951,SAPI,1153,102.46639251708984,76.6938247680664,47.21672439575195
2951,cut1,2951,SAPI,1154,130.76571655273438,38.99675369262695,59.98344039916992
2951,cut1,2951,SAPI,1155,137.4717559814453,148.81666564941406,48.06039047241211
2951,cut1,2951,SAPI,1156,92.83849334716797,11.751917839050293,58.1437873840332
2951,cut1,2951,SAPI,1157,149.1656951904297,69.56224822998047,48.457305908203125
2951,cut1,2951,SAPI,1158,16.819520950317383,84.6579360961914,52.25151824951172
2951,cut1,2951,SAPI,1159,158.3148956298828,218.7679443359375,50.48624038696289
2951,cut1,2951,SAPI,1160,61.66889953613281,102.61661529541016,39.290626525878906
2951,cut1,2951,SAPI,1161,-0.7964879870414734,151.5353240966797,57.00341033935547
2951,cut1,2951,SAPI,1162,133.57815551757812,138.7169647216797,43.49545669555664
2951,cut1,2951,SAPI,1163,150.9654998779297,85.71065521240234,52.74576950073242
2951,cut1,2951,SAPI,1164,140.74017333984375,133.36622619628906,43.156864166259766
2951,cut1,2951,SAPI,1165,147.5764617919922,101.71575927734375,47.55081558227539
2951,cut1,2951,SAPI,1166,185.57339477539062,186.53768920898438,53.43230438232422
2951,cut1,2951,SAPI,1167,183.10667419433594,177.0240478515625,54.22993087768555
2951,cut1,2951,SAPI,1168,159.5761260986328,246.06651306152344,63.937782287597656
2951,cut1,2951,SAPI,1169,148.77490234375,58.303184509277344,55.067344665527344
2951,cut1,2951,SAPI,1170,98.15718078613281,198.8794403076172,49.522918701171875
2951,cut1,2951,SAPI,1171,114.9646224975586,236.65682983398438,65.69986724853516
2951,cut1,2951,SAPI,1172,112.20823669433594,168.9650115966797,36.794376373291016
2951,cut1,2951,SAPI,1173,70.38055419921875,245.6535186767578,59.66217803955078
2951,cut1,2951,SAPI,1174,81.09829711914062,94.80136108398438,48.059600830078125
2951,cut1,2951,SAPI,1175,111.07286834716797,217.67945861816406,54.33036422729492
2951,cut1,2951,SAPI,1176,149.3468780517578,-1.9833335876464844,58.38710021972656
2951,cut1,2951,SAPI,1177,176.2792053222656,223.2715606689453,55.34262466430664
2951,cut1,2951,SAPI,1178,78.35894775390625,172.01919555664062,40.80152893066406
2951,cut1,2951,SAPI,1179,135.09896850585938,244.06204223632812,61.26824951171875
2951,cut1,2951,SAPI,1180,128.94287109375,149.95761108398438,44.49868392944336
2951,cut1,2951,SAPI,1181,59.298728942871094,144.5109405517578,37.09962463378906
