,System,Frame,Resname,Resnum,X,Y,Z
5746,cut1,5746,POPC,0,140.72901916503906,210.10012817382812,77.22006225585938
5746,cut1,5746,POPC,1,74.30339813232423,168.9072723388672,83.71292877197266
5746,cut1,5746,POPC,2,126.81838989257812,244.05810546875,99.25762939453125
5746,cut1,5746,POPC,3,108.10848999023439,174.51170349121094,75.26306915283203
5746,cut1,5746,POPC,4,137.70211791992188,155.0840606689453,84.18877410888672
5746,cut1,5746,POPC,5,134.2649688720703,133.1538848876953,79.248779296875
5746,cut1,5746,POPC,6,163.11392211914062,182.7265167236328,86.66756439208984
5746,cut1,5746,POPC,7,54.52739334106445,225.67857360839844,84.22115325927734
5746,cut1,5746,POPC,8,5.369379043579102,62.19374465942383,95.0242691040039
5746,cut1,5746,POPC,9,158.77398681640625,199.1578826904297,79.5221939086914
5746,cut1,5746,POPC,10,24.55427360534668,246.6729278564453,90.15583801269531
5746,cut1,5746,POPC,11,90.13139343261719,19.63800621032715,90.9260025024414
5746,cut1,5746,POPC,12,181.73326110839844,68.99903869628906,87.38672637939453
5746,cut1,5746,POPC,13,110.2844009399414,148.9232177734375,80.10736846923828
5746,cut1,5746,POPC,14,110.5987548828125,181.00936889648438,72.58966064453125
5746,cut1,5746,POPC,15,37.9942741394043,127.18450927734375,72.698486328125
5746,cut1,5746,POPC,16,90.55513000488281,118.04029083251953,84.18846130371094
5746,cut1,5746,POPC,17,58.94572067260742,19.156675338745117,86.27896881103516
5746,cut1,5746,POPC,18,114.28162384033205,244.00624084472656,98.8177261352539
5746,cut1,5746,POPC,19,102.8055419921875,12.318140029907227,86.64737701416016
5746,cut1,5746,POPC,20,120.11367797851562,5.705816745758057,92.93450927734375
5746,cut1,5746,POPC,21,119.46056365966797,102.87107849121094,75.66365051269531
5746,cut1,5746,POPC,22,164.34921264648438,62.69142532348633,93.4404067993164
5746,cut1,5746,POPC,23,83.94853210449219,11.243322372436523,87.20597076416016
5746,cut1,5746,POPC,24,80.5379867553711,225.07725524902344,84.85746002197266
5746,cut1,5746,POPC,25,82.68632507324219,178.12806701660156,86.42234802246094
5746,cut1,5746,POPC,26,10.446577072143555,232.2797393798828,92.68193054199219
5746,cut1,5746,POPC,27,65.33258819580078,163.9098663330078,79.65636444091797
5746,cut1,5746,POPC,28,31.453672409057617,193.9456787109375,83.53417205810547
5746,cut1,5746,POPC,29,27.00018119812012,74.82479858398438,90.42008972167969
5746,cut1,5746,POPC,30,177.92227172851562,195.15379333496094,89.92916107177734
5746,cut1,5746,POPC,31,170.44325256347656,218.5965576171875,81.79161071777344
5746,cut1,5746,POPC,32,41.28786849975586,232.91256713867188,87.71092987060547
5746,cut1,5746,POPC,33,91.46011352539062,112.0654067993164,83.83210754394531
5746,cut1,5746,POPC,34,181.24752807617188,103.3697738647461,87.05816650390625
5746,cut1,5746,POPC,35,135.49900817871094,-0.247531458735466,88.12104797363281
5746,cut1,5746,POPC,36,162.35549926757812,247.07376098632812,93.02409362792969
5746,cut1,5746,POPC,37,114.60059356689453,172.20571899414062,77.62201690673828
5746,cut1,5746,POPC,38,65.53851318359375,54.46761703491211,85.24005889892578
5746,cut1,5746,POPC,39,66.23497772216797,227.5717315673828,87.44287872314453
5746,cut1,5746,POPC,40,110.43586730957031,81.68450164794922,81.97317504882812
5746,cut1,5746,POPC,41,111.75422668457031,46.57259750366211,80.44734954833984
5746,cut1,5746,POPC,42,179.9416961669922,118.95797729492188,86.98838806152344
5746,cut1,5746,POPC,43,115.73345947265625,72.42229461669922,77.60807037353516
5746,cut1,5746,POPC,44,168.52754211425784,48.623348236083984,93.2083969116211
5746,cut1,5746,POPC,45,31.16939353942871,101.21389770507812,84.00426483154297
5746,cut1,5746,POPC,46,17.34373664855957,23.47991371154785,93.7239990234375
5746,cut1,5746,POPC,47,23.929845809936523,82.98064422607422,89.96379852294922
5746,cut1,5746,POPC,48,88.47737884521484,61.123172760009766,85.12667083740234
5746,cut1,5746,POPC,49,120.94535827636719,61.68803787231445,78.14404296874999
5746,cut1,5746,POPC,50,174.92079162597656,140.73182678222656,87.00181579589844
5746,cut1,5746,POPC,51,47.96551132202149,159.7156982421875,76.0660400390625
5746,cut1,5746,POPC,52,65.08296203613281,204.474365234375,84.6932601928711
5746,cut1,5746,POPC,53,164.42669677734375,155.5372772216797,87.35201263427734
5746,cut1,5746,POPC,54,96.03931427001953,69.59552764892578,84.50849151611328
5746,cut1,5746,POPC,55,127.15177154541016,22.609533309936523,89.39962005615234
5746,cut1,5746,POPC,56,63.19076156616211,240.2205047607422,85.64034271240234
5746,cut1,5746,POPC,57,120.0876922607422,179.57008361816406,79.09806823730469
5746,cut1,5746,POPC,58,165.52395629882812,77.14617156982422,89.13021850585938
5746,cut1,5746,POPC,59,42.195133209228516,47.07632827758789,90.44651794433594
5746,cut1,5746,POPC,60,50.06296157836914,215.79248046875,82.61276245117188
5746,cut1,5746,POPC,61,63.7894401550293,222.24986267089844,87.1600341796875
5746,cut1,5746,POPC,62,111.16679382324219,160.9311065673828,75.96614837646484
5746,cut1,5746,POPC,63,30.43636894226074,-1.0555987358093262,89.90530395507812
5746,cut1,5746,POPC,64,158.32217407226562,4.458994388580322,89.24059295654297
5746,cut1,5746,POPC,65,135.41087341308594,32.90814208984375,84.16132354736328
5746,cut1,5746,POPC,66,104.26317596435547,151.84170532226562,76.42692565917969
5746,cut1,5746,POPC,67,16.14717674255371,9.374608993530273,93.34584045410156
5746,cut1,5746,POPC,68,46.44320297241211,150.4292449951172,74.9410171508789
5746,cut1,5746,POPC,69,170.8309326171875,24.02561378479004,94.63288116455078
5746,cut1,5746,POPC,70,76.0957260131836,10.820951461791992,86.98278045654297
5746,cut1,5746,POPC,71,185.1217498779297,31.67399024963379,93.02749633789062
5746,cut1,5746,POPC,72,130.6447296142578,196.82754516601562,47.25411987304687
5746,cut1,5746,POPC,73,27.731000900268555,97.32063293457031,88.80680084228516
5746,cut1,5746,POPC,74,184.1728973388672,163.15353393554688,88.07080841064453
5746,cut1,5746,POPC,75,58.2320442199707,149.8227081298828,74.49687194824219
5746,cut1,5746,POPC,76,123.83541107177734,133.2666778564453,79.05529022216797
5746,cut1,5746,POPC,77,73.82759857177734,197.06381225585938,87.95874786376953
5746,cut1,5746,POPC,78,13.876092910766602,107.04644012451172,89.44166564941406
5746,cut1,5746,POPC,79,22.734067916870117,69.43500518798828,59.56182098388672
5746,cut1,5746,POPC,80,104.59465789794922,3.790945529937744,94.26068115234375
5746,cut1,5746,POPC,81,130.75543212890625,249.25518798828125,93.45325469970703
5746,cut1,5746,POPC,82,49.16518020629883,83.80073547363281,86.78855895996094
5746,cut1,5746,POPC,83,15.06007194519043,74.83345794677734,89.68179321289061
5746,cut1,5746,POPC,84,29.022138595581055,68.57135772705078,91.67692565917969
5746,cut1,5746,POPC,85,91.15750885009766,182.75650024414062,85.86101531982422
5746,cut1,5746,POPC,86,91.2220230102539,39.300838470458984,85.38335418701172
5746,cut1,5746,POPC,87,175.11351013183594,239.92967224121094,91.89110565185547
5746,cut1,5746,POPC,88,99.24735260009766,64.65956115722656,84.93907165527342
5746,cut1,5746,POPC,89,21.539777755737305,89.68586730957031,89.728271484375
5746,cut1,5746,POPC,90,176.06785583496094,116.09870910644531,83.73763275146484
5746,cut1,5746,POPC,91,121.03160858154297,25.48940086364746,87.91984558105469
5746,cut1,5746,POPC,92,31.684255599975586,61.2044792175293,87.98934173583984
5746,cut1,5746,POPC,93,130.481689453125,182.86444091796875,82.89225006103516
5746,cut1,5746,POPC,94,16.570192337036133,227.98385620117188,90.97889709472656
5746,cut1,5746,POPC,95,128.59054565429688,143.08802795410156,76.8909683227539
5746,cut1,5746,POPC,96,180.48968505859375,168.99533081054688,87.59818267822266
5746,cut1,5746,POPC,97,91.93843078613281,114.02548217773438,41.62104797363281
5746,cut1,5746,POPC,98,118.98982238769531,92.25301361083984,74.7328109741211
5746,cut1,5746,POPC,99,195.54002380371094,251.6481475830078,95.61587524414062
5746,cut1,5746,POPC,100,49.1833610534668,139.52964782714844,72.62455749511719
5746,cut1,5746,POPC,101,25.764753341674805,55.47586441040039,92.38343048095703
5746,cut1,5746,POPC,102,75.55806732177734,213.04591369628906,88.74623107910156
5746,cut1,5746,POPC,103,156.1005859375,175.8520050048828,87.32613372802734
5746,cut1,5746,POPC,104,35.636234283447266,236.5215301513672,88.0066909790039
5746,cut1,5746,POPC,105,41.4191780090332,22.9783992767334,93.68030548095703
5746,cut1,5746,POPC,106,42.87160873413086,69.85564422607422,88.70982360839844
5746,cut1,5746,POPC,107,19.531347274780273,110.61186218261719,86.24591827392578
5746,cut1,5746,POPC,108,161.2047882080078,204.81312561035156,84.3445053100586
5746,cut1,5746,POPC,109,103.72785949707031,228.518310546875,94.2921142578125
5746,cut1,5746,POPC,110,82.13343048095703,34.86783218383789,83.97111511230469
5746,cut1,5746,POPC,111,179.54588317871094,6.484705448150635,95.19985961914062
5746,cut1,5746,POPC,112,-0.7107259035110474,55.20610427856445,95.96444702148438
5746,cut1,5746,POPC,113,28.564008712768555,218.9307098388672,88.20918273925781
5746,cut1,5746,POPC,114,75.187255859375,82.84678649902344,84.83319091796875
5746,cut1,5746,POPC,115,93.0402603149414,5.209394931793213,86.086181640625
5746,cut1,5746,POPC,116,86.67105102539062,221.2022705078125,88.01261901855469
5746,cut1,5746,POPC,117,88.15505981445312,105.63086700439453,85.41407012939453
5746,cut1,5746,POPC,118,191.15936279296875,29.90836524963379,94.37303161621094
5746,cut1,5746,POPC,119,123.11153411865234,81.24890899658203,78.8079833984375
5746,cut1,5746,POPC,120,162.55181884765622,221.9481658935547,81.23746490478516
5746,cut1,5746,POPC,121,11.82603645324707,26.766054153442386,95.68992614746094
5746,cut1,5746,POPC,122,179.23922729492188,250.9121856689453,94.7728500366211
5746,cut1,5746,POPC,123,28.229612350463867,187.99029541015625,82.47494506835938
5746,cut1,5746,POPC,124,24.769948959350586,197.95362854003906,87.61808776855469
5746,cut1,5746,POPC,125,20.833467483520508,40.26820755004883,92.07191467285156
5746,cut1,5746,POPC,126,41.12333297729492,204.14479064941406,84.9373779296875
5746,cut1,5746,POPC,127,158.3914337158203,106.69664001464844,84.34557342529297
5746,cut1,5746,POPC,128,42.406497955322266,9.521379470825195,86.3251724243164
5746,cut1,5746,POPC,129,123.46426391601562,11.01042366027832,93.54693603515624
5746,cut1,5746,POPC,130,175.472412109375,177.1228485107422,88.69043731689453
5746,cut1,5746,POPC,131,43.1166877746582,185.2191619873047,83.41349792480469
5746,cut1,5746,POPC,132,56.03812026977539,211.96026611328125,48.416255950927734
5746,cut1,5746,POPC,133,94.58504486083984,144.4404754638672,50.0034294128418
5746,cut1,5746,POPC,134,53.56735610961914,13.385599136352539,86.1112060546875
5746,cut1,5746,POPC,135,182.89231872558594,147.9634246826172,89.16809844970703
5746,cut1,5746,POPC,136,158.60848999023438,32.827640533447266,94.40300750732422
5746,cut1,5746,POPC,137,31.99720573425293,164.7530059814453,78.60503387451172
5746,cut1,5746,POPC,138,77.38597106933592,89.88068389892578,84.80665588378906
5746,cut1,5746,POPC,139,146.70057678222656,118.79005432128906,80.1829605102539
5746,cut1,5746,POPC,140,92.21772766113281,149.38291931152344,81.18099212646484
5746,cut1,5746,POPC,141,183.24986267089844,128.32373046875,89.49402618408203
5746,cut1,5746,POPC,142,196.40542602539062,173.61585998535156,79.00818634033203
5746,cut1,5746,POPC,143,36.76643753051758,110.2727279663086,78.19099426269531
5746,cut1,5746,POPC,144,85.99687194824219,216.10528564453125,92.9522933959961
5746,cut1,5746,POPC,145,159.689208984375,134.9405975341797,78.91625213623047
5746,cut1,5746,POPC,146,134.74171447753906,138.83372497558594,78.37788391113281
5746,cut1,5746,POPC,147,79.54740905761719,186.20138549804688,87.11018371582031
5746,cut1,5746,POPC,148,178.56874084472656,138.12522888183594,92.63752746582031
5746,cut1,5746,POPC,149,194.9660186767578,46.60708999633789,95.88057708740233
5746,cut1,5746,POPC,150,37.1059684753418,178.32638549804688,79.917724609375
5746,cut1,5746,POPC,151,94.60693359375,77.59251403808594,83.84894561767578
5746,cut1,5746,POPC,152,187.42237854003906,104.23482513427734,86.99181365966797
5746,cut1,5746,POPC,153,123.25849914550781,148.5050811767578,77.12944793701172
5746,cut1,5746,POPC,154,132.48428344726562,202.3735809326172,80.10682678222656
5746,cut1,5746,POPC,155,51.11062240600586,75.24765014648438,85.38003540039062
5746,cut1,5746,POPC,156,68.23347473144531,44.0687370300293,86.60748291015625
5746,cut1,5746,POPC,157,14.224611282348633,101.21615600585938,90.38821411132812
5746,cut1,5746,POPC,158,66.73876190185547,154.70419311523438,80.5381088256836
5746,cut1,5746,POPC,159,102.24137878417969,79.39015197753906,82.74620056152344
5746,cut1,5746,POPC,160,69.82945251464844,20.268404006958008,84.924072265625
5746,cut1,5746,POPC,161,79.7308120727539,172.25698852539062,83.73739624023438
5746,cut1,5746,POPC,162,5.701242446899414,222.9351806640625,91.1012954711914
5746,cut1,5746,POPC,163,75.75163269042969,205.22454833984375,86.70840454101562
5746,cut1,5746,POPC,164,63.296695709228516,251.5194549560547,85.59512329101562
5746,cut1,5746,POPC,165,5.380685806274414,55.19956588745117,94.69025421142578
5746,cut1,5746,POPC,166,55.72652053833008,169.7171630859375,82.05245971679688
5746,cut1,5746,POPC,167,72.9154052734375,176.4630889892578,82.8697509765625
5746,cut1,5746,POPC,168,75.25187683105469,62.01865005493164,85.41570281982422
5746,cut1,5746,POPC,169,191.27117919921875,179.4058380126953,86.86776733398438
5746,cut1,5746,POPC,170,165.720458984375,54.99727249145508,94.97595977783203
5746,cut1,5746,POPC,171,49.010135650634766,17.2398624420166,88.09304809570312
5746,cut1,5746,POPC,172,175.4826202392578,124.72466278076172,88.65802764892578
5746,cut1,5746,POPC,173,36.69942855834961,69.23729705810547,88.95785522460936
5746,cut1,5746,POPC,174,166.62527465820312,201.97604370117188,86.77095031738281
5746,cut1,5746,POPC,175,58.4345817565918,86.37640380859375,83.83352661132812
5746,cut1,5746,POPC,176,177.42417907714844,49.43648147583008,94.91886138916016
5746,cut1,5746,POPC,177,130.85720825195312,12.065305709838867,92.06468200683594
5746,cut1,5746,POPC,178,16.247934341430664,247.45347595214844,92.77095031738281
5746,cut1,5746,POPC,179,37.5970344543457,225.37069702148438,86.92080688476561
5746,cut1,5746,POPC,180,62.05276107788087,101.59536743164062,83.2802734375
5746,cut1,5746,POPC,181,36.525203704833984,55.96564865112305,91.04808807373047
5746,cut1,5746,POPC,182,152.73895263671875,164.97509765625,82.76547241210938
5746,cut1,5746,POPC,183,109.19499969482422,103.86241912841797,75.53722381591797
5746,cut1,5746,POPC,184,135.24932861328125,163.4527587890625,84.1434326171875
5746,cut1,5746,POPC,185,99.92021942138672,143.70310974121094,81.66720581054688
5746,cut1,5746,POPC,186,9.58458137512207,16.350378036499023,93.14126586914062
5746,cut1,5746,POPC,187,166.8372344970703,240.6255340576172,90.78539276123047
5746,cut1,5746,POPC,188,191.434326171875,67.1018295288086,92.1600112915039
5746,cut1,5746,POPC,189,75.67508697509766,232.03756713867188,82.77236938476562
5746,cut1,5746,POPC,190,129.4434356689453,87.73035430908203,73.3246841430664
5746,cut1,5746,POPC,191,11.742731094360352,228.97251892089844,51.625885009765625
5746,cut1,5746,POPC,192,53.81729507446289,0.3855556845664978,85.49434661865234
5746,cut1,5746,POPC,193,158.1925506591797,244.2489471435547,87.69788360595703
5746,cut1,5746,POPC,194,160.6229248046875,69.36495971679688,91.03550720214844
5746,cut1,5746,POPC,195,148.24974060058594,127.67826843261719,80.50948333740234
5746,cut1,5746,POPC,196,57.074947357177734,212.40769958496094,87.25679016113281
5746,cut1,5746,POPC,197,37.222660064697266,11.954999923706055,89.58658599853516
5746,cut1,5746,POPC,198,58.09403610229492,233.7413330078125,82.70558166503906
5746,cut1,5746,POPC,199,35.21540451049805,2.13071870803833,87.64583587646484
5746,cut1,5746,POPC,200,43.1799430847168,64.04945373535156,50.797584533691406
5746,cut1,5746,POPC,201,192.01902770996094,243.94857788085938,96.90631866455078
5746,cut1,5746,POPC,202,48.6740837097168,32.3796272277832,90.86739349365234
5746,cut1,5746,POPC,203,187.43740844726562,117.24430847167969,87.80477905273438
5746,cut1,5746,POPC,204,138.31130981445312,151.82489013671872,79.07068634033203
5746,cut1,5746,POPC,205,162.42959594726562,125.1478271484375,87.86602783203125
5746,cut1,5746,POPC,206,179.71095275878906,18.922212600708008,94.68775939941406
5746,cut1,5746,POPC,207,62.819705963134766,188.8955078125,91.7878189086914
5746,cut1,5746,POPC,208,74.70879364013672,219.2451934814453,85.58295440673828
5746,cut1,5746,POPC,209,22.788686752319336,22.57700538635254,93.30509185791016
5746,cut1,5746,POPC,210,37.33420944213867,217.8773651123047,87.00505065917969
5746,cut1,5746,POPC,211,170.71755981445312,129.5296173095703,88.82618713378906
5746,cut1,5746,POPC,212,33.075809478759766,17.79878807067871,91.105224609375
5746,cut1,5746,POPC,213,151.3787689208984,61.58218765258789,92.63365173339844
5746,cut1,5746,POPC,214,188.90652465820312,197.63365173339844,88.62910461425781
5746,cut1,5746,POPC,215,31.290586471557617,10.938833236694336,90.5485610961914
5746,cut1,5746,POPC,216,78.87837982177734,29.295869827270508,82.47867584228516
5746,cut1,5746,POPC,217,164.1892852783203,130.87442016601562,86.22480010986328
5746,cut1,5746,POPC,218,172.2463836669922,212.33731079101562,86.259521484375
5746,cut1,5746,POPC,219,98.81140899658203,17.200174331665043,86.56620788574219
5746,cut1,5746,POPC,220,57.68709945678711,247.6430206298828,86.34276580810547
5746,cut1,5746,POPC,221,170.6793212890625,165.70945739746094,89.89625549316406
5746,cut1,5746,POPC,222,21.12993049621582,58.68004226684571,92.81890106201172
5746,cut1,5746,POPC,223,95.3675308227539,127.34716796875,79.41775512695312
5746,cut1,5746,POPC,224,61.813045501708984,81.35895538330078,82.08700561523438
5746,cut1,5746,POPC,225,168.2950897216797,187.86837768554688,85.90233612060547
5746,cut1,5746,POPC,226,23.327184677124023,135.31752014160156,71.94469451904297
5746,cut1,5746,POPC,227,39.14519119262695,187.3296356201172,80.69393157958984
5746,cut1,5746,POPC,228,61.501163482666016,94.1456527709961,84.7739028930664
5746,cut1,5746,POPC,229,88.79322052001953,94.80757141113281,82.74300384521484
5746,cut1,5746,POPC,230,143.46189880371094,158.45004272460938,84.19950103759766
5746,cut1,5746,POPC,231,155.15203857421875,9.25733757019043,91.98120880126953
5746,cut1,5746,POPC,232,136.5208740234375,179.94232177734375,43.925514221191406
5746,cut1,5746,POPC,233,137.11741638183594,145.1712188720703,79.02784729003906
5746,cut1,5746,POPC,234,22.35457420349121,2.577364444732666,91.40948486328125
5746,cut1,5746,POPC,235,5.369050979614258,13.699689865112305,95.61280822753906
5746,cut1,5746,POPC,236,184.65748596191406,239.5785827636719,91.39485931396484
5746,cut1,5746,POPC,237,164.5346221923828,164.38050842285156,86.99144744873047
5746,cut1,5746,POPC,238,38.562068939208984,31.038515090942383,92.3545913696289
5746,cut1,5746,POPC,239,87.86449432373047,53.942203521728516,84.5050277709961
5746,cut1,5746,POPC,240,17.04935646057129,68.11083221435547,92.04302978515625
5746,cut1,5746,POPC,241,13.68272590637207,207.60113525390625,88.62731170654297
5746,cut1,5746,POPC,242,175.3597869873047,160.60360717773438,90.5478744506836
5746,cut1,5746,POPC,243,112.67523193359375,52.07865524291992,81.21430969238281
5746,cut1,5746,POPC,244,34.662296295166016,24.798978805541992,93.81903076171875
5746,cut1,5746,POPC,245,150.43870544433594,67.15489196777344,90.05107116699219
5746,cut1,5746,POPC,246,109.97090148925781,98.587890625,75.5516128540039
5746,cut1,5746,POPC,247,22.918752670288086,16.122644424438477,55.83345031738281
5746,cut1,5746,POPC,248,80.63198852539062,78.05207061767578,82.98880004882812
5746,cut1,5746,POPC,249,93.8998031616211,102.18653106689453,83.2413101196289
5746,cut1,5746,POPC,250,151.497314453125,83.24275207519531,90.55986785888672
5746,cut1,5746,POPC,251,112.33609008789062,69.79306030273438,80.3999252319336
5746,cut1,5746,POPC,252,138.80352783203125,100.37489318847656,74.80736541748047
5746,cut1,5746,POPC,253,65.10475158691406,233.56686401367188,83.67693328857422
5746,cut1,5746,POPC,254,108.03829956054688,235.05831909179688,97.4386215209961
5746,cut1,5746,POPC,255,125.6654052734375,186.6064910888672,80.11212158203125
5746,cut1,5746,POPC,256,157.58494567871094,98.15540313720703,89.83042907714844
5746,cut1,5746,POPC,257,146.3288116455078,247.4289093017578,84.7380599975586
5746,cut1,5746,POPC,258,185.47540283203125,66.53353881835938,92.0028076171875
5746,cut1,5746,POPC,259,43.64645004272461,143.23451232910156,73.32078552246094
5746,cut1,5746,POPC,260,121.50346374511719,76.57403564453125,76.48152160644531
5746,cut1,5746,POPC,261,14.226995468139648,55.416080474853516,95.48661041259767
5746,cut1,5746,POPC,262,113.48196411132812,6.522535800933838,93.43790435791016
5746,cut1,5746,POPC,263,64.72545623779297,73.56270599365234,85.78125
5746,cut1,5746,POPC,264,60.94228744506836,56.48146438598633,82.69823455810547
5746,cut1,5746,POPC,265,145.44772338867188,177.37112426757812,87.21253967285156
5746,cut1,5746,POPC,266,123.53579711914062,250.42359924316406,96.39752960205078
5746,cut1,5746,POPC,267,157.70664978027344,161.15567016601562,86.92242431640625
5746,cut1,5746,POPC,268,121.66450500488281,187.2233123779297,75.68463134765625
5746,cut1,5746,POPC,269,183.2903594970703,224.04483032226562,90.93736267089844
5746,cut1,5746,POPC,270,97.0915298461914,216.72137451171875,87.36348724365234
5746,cut1,5746,POPC,271,47.563106536865234,224.2290802001953,84.05854034423828
5746,cut1,5746,POPC,272,110.72366333007811,249.87640380859375,93.95528411865234
5746,cut1,5746,POPC,273,55.06911087036133,50.636104583740234,86.55755615234374
5746,cut1,5746,POPC,274,154.32469177246094,76.86255645751953,88.92179107666016
5746,cut1,5746,POPC,275,11.860761642456055,119.01997375488281,82.37217712402344
5746,cut1,5746,POPC,276,189.34759521484375,61.18690872192383,52.61266326904297
5746,cut1,5746,POPC,277,93.79390716552734,49.352474212646484,85.57676696777344
5746,cut1,5746,POPC,278,54.2111701965332,97.26364135742188,87.8398666381836
5746,cut1,5746,POPC,279,167.59791564941406,16.220006942749023,96.07112884521484
5746,cut1,5746,POPC,280,54.7602653503418,106.98896789550781,78.02662658691406
5746,cut1,5746,POPC,281,144.27944946289062,185.08926391601562,84.0676040649414
5746,cut1,5746,POPC,282,105.69803619384766,111.87744140625,76.61038970947266
5746,cut1,5746,POPC,283,95.8289566040039,195.0504608154297,84.94168853759766
5746,cut1,5746,POPC,284,142.45535278320312,141.39813232421875,79.93733215332031
5746,cut1,5746,POPC,285,188.95373535156247,3.741011142730713,94.2020034790039
5746,cut1,5746,POPC,286,175.36280822753906,206.97520446777344,87.94082641601562
5746,cut1,5746,POPC,287,77.58621215820312,146.91505432128906,77.65402221679688
5746,cut1,5746,POPC,288,57.00020217895508,186.903564453125,90.02406311035155
5746,cut1,5746,POPC,289,160.53416442871094,20.276052474975586,94.56903076171875
5746,cut1,5746,POPC,290,101.81037139892578,236.51666259765625,90.65419006347656
5746,cut1,5746,POPC,291,15.179899215698242,240.3130340576172,93.3878173828125
5746,cut1,5746,POPC,292,42.72129440307617,194.83567810058594,83.04149627685547
5746,cut1,5746,POPC,293,27.83114433288574,225.39173889160156,89.61634063720703
5746,cut1,5746,POPC,294,2.3390214443206787,235.4328155517578,92.74207305908203
5746,cut1,5746,POPC,295,126.39534759521484,79.10801696777344,44.377376556396484
5746,cut1,5746,POPC,296,64.68780517578125,17.31831169128418,85.43846130371094
5746,cut1,5746,POPC,297,5.600114822387695,88.55277252197266,94.98479461669922
5746,cut1,5746,POPC,298,114.2781753540039,147.12298583984375,75.2569580078125
5746,cut1,5746,POPC,299,43.97653579711914,113.6767578125,79.67399597167969
5746,cut1,5746,POPC,300,11.403295516967773,219.3619842529297,91.81937408447266
5746,cut1,5746,POPC,301,71.443115234375,210.13963317871094,85.00263214111328
5746,cut1,5746,POPC,302,49.1739158630371,41.17177200317383,88.2023696899414
5746,cut1,5746,POPC,303,41.56454086303711,173.91958618164062,79.48129272460938
5746,cut1,5746,POPC,304,128.01287841796875,74.10570526123047,76.97069549560547
5746,cut1,5746,POPC,305,29.22597312927246,149.16374206542972,71.42962646484375
5746,cut1,5746,POPC,306,83.98783874511719,89.3272476196289,82.96498107910156
5746,cut1,5746,POPC,307,46.3627815246582,168.24911499023438,76.67626190185547
5746,cut1,5746,POPC,308,134.98333740234375,6.914156436920166,92.97872161865234
5746,cut1,5746,POPC,309,80.78035736083984,23.229063034057617,85.54671478271484
5746,cut1,5746,POPC,310,70.90948486328125,158.66360473632812,82.78429412841797
5746,cut1,5746,POPC,311,0.9644182920455933,18.5928897857666,96.07434844970703
5746,cut1,5746,POPC,312,24.605764389038086,30.212724685668945,92.47345733642578
5746,cut1,5746,POPC,313,3.1457154750823975,83.80476379394531,97.25456237792969
5746,cut1,5746,POPC,314,54.69456100463867,144.7552490234375,73.36949157714844
5746,cut1,5746,POPC,315,182.60679626464844,200.16258239746094,89.29206848144531
5746,cut1,5746,POPC,316,142.22389221191406,15.95610237121582,89.32601928710938
5746,cut1,5746,POPC,317,89.47335052490234,24.768884658813477,87.19032287597656
5746,cut1,5746,POPC,318,187.3991241455078,22.157548904418945,93.58220672607422
5746,cut1,5746,POPC,319,28.5169734954834,141.9674072265625,74.72019958496094
5746,cut1,5746,POPC,320,49.347476959228516,187.91993713378906,86.2789077758789
5746,cut1,5746,POPC,321,177.77813720703125,224.1337432861328,87.26776123046875
5746,cut1,5746,POPC,322,123.93215179443358,94.1316146850586,71.18009185791016
5746,cut1,5746,POPC,323,155.71142578125,147.7121124267578,81.94639587402344
5746,cut1,5746,POPC,324,7.066198348999023,100.36739349365234,90.85856628417969
5746,cut1,5746,POPC,325,149.31976318359375,9.600309371948242,91.215576171875
5746,cut1,5746,POPC,326,106.03887939453125,43.284969329833984,80.93450927734375
5746,cut1,5746,POPC,327,81.46407318115234,5.766382694244385,85.39863586425781
5746,cut1,5746,POPC,328,7.937158584594727,75.71977996826172,92.14599609375
5746,cut1,5746,POPC,329,45.11891555786133,53.01419448852539,90.43772888183594
5746,cut1,5746,POPC,330,68.55496978759766,245.10768127441406,87.5502700805664
5746,cut1,5746,POPC,331,146.01531982421875,168.6140594482422,85.65623474121092
5746,cut1,5746,POPC,332,94.04337310791016,248.39564514160156,87.4718017578125
5746,cut1,5746,POPC,333,15.020254135131836,88.34040069580078,93.0816879272461
5746,cut1,5746,POPC,334,172.27676391601562,104.40828704833984,90.93048858642578
5746,cut1,5746,POPC,335,22.818540573120117,15.412458419799806,93.50991821289062
5746,cut1,5746,POPC,336,28.90004539489746,159.4190216064453,79.75286865234375
5746,cut1,5746,POPC,337,123.79850769042969,172.88539123535156,82.10050964355469
5746,cut1,5746,POPC,338,38.86917495727539,104.24261474609375,83.87214660644531
5746,cut1,5746,POPC,339,89.20025634765625,67.7197494506836,83.89798736572266
5746,cut1,5746,POPC,340,141.40560913085938,4.943384647369385,87.39231872558594
5746,cut1,5746,POPC,341,142.77879333496094,199.797607421875,78.86003875732422
5746,cut1,5746,POPC,342,192.6027069091797,41.078121185302734,95.21034240722656
5746,cut1,5746,POPC,343,24.102468490600586,211.1326141357422,87.9285888671875
5746,cut1,5746,POPC,344,54.58201217651367,59.371212005615234,87.39494323730469
5746,cut1,5746,POPC,345,141.0118408203125,112.72016906738281,74.35590362548828
5746,cut1,5746,POPC,346,180.5731201171875,81.20802307128906,92.78681182861328
5746,cut1,5746,POPC,347,169.3414764404297,202.098388671875,44.60769271850586
5746,cut1,5746,POPC,348,126.54241180419922,66.6580810546875,77.14347076416016
5746,cut1,5746,POPC,349,178.59906005859375,55.6661491394043,93.07305908203124
5746,cut1,5746,POPC,350,143.56349182128906,106.79292297363281,77.1189956665039
5746,cut1,5746,POPC,351,50.92242813110352,167.3118133544922,79.71575164794922
5746,cut1,5746,POPC,352,176.12979125976562,31.740564346313477,93.19037628173828
5746,cut1,5746,POPC,353,183.34912109375,229.78012084960938,91.76507568359375
5746,cut1,5746,POPC,354,41.30244827270508,92.85525512695312,87.85131072998047
5746,cut1,5746,POPC,355,58.009456634521484,139.16693115234375,72.09434509277344
5746,cut1,5746,POPC,356,107.9980239868164,220.5936737060547,94.1768798828125
5746,cut1,5746,POPC,357,146.25341796875,110.82768249511719,80.01225280761719
5746,cut1,5746,POPC,358,86.5956802368164,193.05308532714844,83.99020385742188
5746,cut1,5746,POPC,359,151.6708221435547,214.1393280029297,80.56583404541016
5746,cut1,5746,POPC,360,26.690847396850586,234.77149963378906,87.31130981445312
5746,cut1,5746,POPC,361,59.327945709228516,173.06332397460938,86.54141998291016
5746,cut1,5746,POPC,362,59.35074996948242,26.053182601928714,85.81298065185547
5746,cut1,5746,POPC,363,145.87826538085938,133.45716857910156,78.20755004882812
5746,cut1,5746,POPC,364,65.5328369140625,134.9383544921875,71.73272705078125
5746,cut1,5746,POPC,365,70.5258560180664,59.15377426147461,82.84710693359375
5746,cut1,5746,POPC,366,95.96056365966797,84.02349090576172,84.79000091552734
5746,cut1,5746,POPC,367,163.81903076171875,110.76881408691406,84.76277923583984
5746,cut1,5746,POPC,368,185.25875854492188,49.42374038696289,95.67366790771484
5746,cut1,5746,POPC,369,165.73936462402344,252.82899475097656,96.21682739257812
5746,cut1,5746,POPC,370,160.16201782226562,189.91627502441406,83.11338806152344
5746,cut1,5746,POPC,371,68.69987487792969,147.6522674560547,79.20611572265625
5746,cut1,5746,POPC,372,194.96176147460938,197.83265686035156,86.64351654052734
5746,cut1,5746,POPC,373,43.75288009643555,210.76397705078125,85.85127258300781
5746,cut1,5746,POPC,374,154.50704956054688,25.960004806518555,94.01337432861328
5746,cut1,5746,POPC,375,85.28227233886719,246.23037719726562,83.53036499023438
5746,cut1,5746,POPC,376,51.686214447021484,63.50461196899414,86.42033386230469
5746,cut1,5746,POPC,377,100.05064392089844,29.760068893432617,86.82377624511719
5746,cut1,5746,POPC,378,98.07746887207031,113.0263442993164,85.88658905029297
5746,cut1,5746,POPC,379,11.266290664672852,81.24972534179688,92.23323059082031
5746,cut1,5746,POPC,380,71.86478424072266,67.64887237548828,85.78963470458984
5746,cut1,5746,POPC,381,90.03736877441406,244.8813018798828,86.0370864868164
5746,cut1,5746,POPC,382,38.97922897338867,163.61973571777347,76.02861022949219
5746,cut1,5746,POPC,383,138.18157958984375,27.7999210357666,89.034912109375
5746,cut1,5746,POPC,384,23.857030868530273,147.72232055664062,70.31376647949219
5746,cut1,5746,POPC,385,125.79150390625,164.6918487548828,83.6142807006836
5746,cut1,5746,POPC,386,63.249813079833984,8.283548355102539,83.99247741699219
5746,cut1,5746,POPC,387,71.09232330322266,35.58925247192382,84.62720489501953
5746,cut1,5746,POPC,388,76.15142822265625,139.23367309570312,74.4747314453125
5746,cut1,5746,POPC,389,181.26852416992188,28.525808334350586,95.8185043334961
5746,cut1,5746,POPC,390,8.744840621948242,112.63314819335938,86.26298522949219
5746,cut1,5746,POPC,391,-1.846014142036438,23.597970962524414,92.0924301147461
5746,cut1,5746,POPC,392,81.6250991821289,141.2843017578125,77.21416473388672
5746,cut1,5746,POPC,393,192.87715148925778,211.62420654296875,89.15543365478516
5746,cut1,5746,POPC,394,9.848749160766602,7.3734612464904785,97.50728607177734
5746,cut1,5746,POPC,395,191.8159637451172,159.33377075195312,48.494834899902344
5746,cut1,5746,POPC,396,78.97319793701172,164.11578369140625,85.28388977050781
5746,cut1,5746,POPC,397,192.63780212402344,11.993825912475586,93.81624603271484
5746,cut1,5746,POPC,398,124.11114501953125,154.4429473876953,80.29113006591797
5746,cut1,5746,POPC,399,39.087284088134766,97.79940795898438,85.01277923583984
5746,cut1,5746,POPC,400,85.19303894042969,97.80367279052734,85.39747619628906
5746,cut1,5746,POPC,401,157.7400360107422,209.02488708496094,80.19084930419922
5746,cut1,5746,POPC,402,101.9881591796875,53.741458892822266,86.806396484375
5746,cut1,5746,POPC,403,139.37364196777344,115.80323791503906,79.24093627929688
5746,cut1,5746,POPC,404,149.21681213378906,157.2770538330078,82.26097869873047
5746,cut1,5746,POPC,405,65.16985321044922,26.728170394897464,83.39873504638672
5746,cut1,5746,POPC,406,14.401819229125977,199.81861877441406,88.136962890625
5746,cut1,5746,POPC,407,133.96466064453125,173.50845336914062,86.45936584472656
5746,cut1,5746,POPC,408,136.07191467285156,18.840749740600586,89.4641342163086
5746,cut1,5746,POPC,409,21.204526901245117,223.00390625,89.80036163330078
5746,cut1,5746,POPC,410,84.39877319335938,168.86761474609375,80.72740173339844
5746,cut1,5746,POPC,411,101.5859375,48.06589126586914,83.10579681396484
5746,cut1,5746,POPC,412,56.72714614868164,43.89316940307617,89.89948272705078
5746,cut1,5746,POPC,413,168.50865173339844,92.2499771118164,92.04788970947266
5746,cut1,5746,POPC,414,190.7198944091797,86.58499908447266,96.44952392578125
5746,cut1,5746,POPC,415,187.0256805419922,249.99256896972656,93.7913818359375
5746,cut1,5746,POPC,416,120.59410858154297,237.91903686523438,100.13961029052734
5746,cut1,5746,POPC,417,29.430959701538086,169.42140197753906,78.01128387451173
5746,cut1,5746,POPC,418,70.33494567871094,9.578603744506836,87.01588439941406
5746,cut1,5746,POPC,419,7.111509323120117,47.95438766479492,94.07770538330078
5746,cut1,5746,POPC,420,55.34127426147461,90.97579193115234,88.00377655029297
5746,cut1,5746,POPC,421,94.96966552734375,136.63270568847656,80.64617156982422
5746,cut1,5746,POPC,422,40.77226638793945,38.62105941772461,87.97258758544922
5746,cut1,5746,POPC,423,173.29574584960938,253.97607421875,97.41647338867188
5746,cut1,5746,POPC,424,115.43363189697266,83.8050308227539,76.6742935180664
5746,cut1,5746,POPC,425,189.23268127441406,92.10232543945312,93.2407455444336
5746,cut1,5746,POPC,426,86.23660278320312,199.3201446533203,83.8763656616211
5746,cut1,5746,POPC,427,95.76994323730469,239.81158447265625,88.32752227783203
5746,cut1,5746,POPC,428,168.3850555419922,138.51600646972656,82.50629425048828
5746,cut1,5746,POPC,429,138.13320922851562,120.88066101074219,82.74742126464844
5746,cut1,5746,POPC,430,78.13075256347656,41.54442214965821,83.66140747070312
5746,cut1,5746,POPC,431,177.29428100585938,75.03695678710938,87.12999725341797
5746,cut1,5746,POPC,432,11.15089225769043,245.88742065429688,96.70130920410156
5746,cut1,5746,POPC,433,185.03199768066406,138.35142517089844,89.60291290283203
5746,cut1,5746,POPC,434,56.82416915893555,73.69391632080078,80.59353637695312
5746,cut1,5746,POPC,435,153.48768615722656,131.8687744140625,79.71183776855469
5746,cut1,5746,POPC,436,183.73178100585938,112.06011962890625,87.46772003173828
5746,cut1,5746,POPC,437,108.20808410644531,58.43400955200195,79.33671569824219
5746,cut1,5746,POPC,438,3.9921586513519287,67.82402038574219,94.9814224243164
5746,cut1,5746,POPC,439,53.90947341918945,240.98435974121094,85.81156921386719
5746,cut1,5746,POPC,440,7.557371139526367,202.7074432373047,86.76850128173828
5746,cut1,5746,POPC,441,187.19024658203125,76.41393280029297,93.6738052368164
5746,cut1,5746,POPC,442,191.74429321289062,206.1124267578125,85.50798797607422
5746,cut1,5746,POPC,443,106.74159240722656,156.9168243408203,75.11474609375
5746,cut1,5746,POPC,444,26.33552360534668,240.28179931640625,91.43636322021484
5746,cut1,5746,POPC,445,17.480798721313477,252.94676208496094,92.65543365478516
5746,cut1,5746,POPC,446,128.26126098632812,123.5882797241211,81.23723602294922
5746,cut1,5746,POPC,447,112.67225646972656,190.2210693359375,73.65042114257812
5746,cut1,5746,POPC,448,141.18614196777344,32.91999816894531,91.79183197021484
5746,cut1,5746,POPC,449,190.80531311035156,100.0178451538086,90.82135772705078
5746,cut1,5746,POPC,450,50.97690200805664,109.2272720336914,80.57285308837892
5746,cut1,5746,POPC,451,155.38597106933594,119.07225036621094,81.01252746582031
5746,cut1,5746,POPC,452,168.79505920410156,146.57244873046875,85.38636016845703
5746,cut1,5746,POPC,453,173.50718688964844,200.29579162597656,88.50965881347656
5746,cut1,5746,POPC,454,87.29059600830078,152.87327575683594,84.29766845703125
5746,cut1,5746,POPC,455,71.504638671875,88.80110931396484,85.32172393798828
5746,cut1,5746,POPC,456,90.67041778564453,225.79656982421875,84.23380279541016
5746,cut1,5746,POPC,457,81.03517150878906,196.1278533935547,85.145751953125
5746,cut1,5746,POPC,458,97.56092834472656,97.95860290527344,82.28740692138672
5746,cut1,5746,POPC,459,156.59625244140625,154.01710510253906,84.85697937011719
5746,cut1,5746,POPC,460,84.71765899658203,82.62535095214844,79.63392639160156
5746,cut1,5746,POPC,461,55.35173416137695,6.204859256744385,87.79695892333984
5746,cut1,5746,POPC,462,24.918119430541992,175.4527130126953,79.72649383544922
5746,cut1,5746,POPC,463,4.939790725708008,210.45553588867188,89.46514129638672
5746,cut1,5746,POPC,464,71.08463287353516,235.86599731445312,84.0826644897461
5746,cut1,5746,POPC,465,42.652156829833984,-3.2835211753845215,87.10885620117188
5746,cut1,5746,POPC,466,19.089170455932617,46.25747299194336,89.57865142822266
5746,cut1,5746,POPC,467,111.7415542602539,209.28330993652344,56.245548248291016
5746,cut1,5746,POPC,468,175.46340942382812,68.5267333984375,87.45051574707031
5746,cut1,5746,POPC,469,65.37247467041016,114.79582977294922,81.02163696289062
5746,cut1,5746,POPC,470,80.97196960449219,-0.5388675332069397,82.06952667236328
5746,cut1,5746,POPC,471,99.45252227783203,237.54531860351562,51.23509979248047
5746,cut1,5746,POPC,472,168.94056701660156,176.03958129882812,87.51294708251953
5746,cut1,5746,POPC,473,184.7911376953125,183.7812957763672,90.89586639404297
5746,cut1,5746,POPC,474,138.4144744873047,193.65899658203125,78.5792465209961
5746,cut1,5746,POPC,475,137.78074645996094,180.22262573242188,84.40497589111328
5746,cut1,5746,POPC,476,171.40658569335938,36.09720993041992,94.38736724853516
5746,cut1,5746,POPC,477,56.17313003540039,181.79013061523438,85.91584014892578
5746,cut1,5746,POPC,478,168.4994659423828,114.97879028320312,82.55164337158203
5746,cut1,5746,POPC,479,156.43324279785153,87.55907440185547,94.71684265136719
5746,cut1,5746,POPC,480,162.00592041015628,83.59905242919922,91.06147003173828
5746,cut1,5746,POPC,481,89.71149444580078,237.53659057617188,83.25226593017578
5746,cut1,5746,POPC,482,99.7082748413086,106.1445541381836,80.16981506347656
5746,cut1,5746,POPC,483,65.59020233154297,216.7554931640625,85.7164077758789
5746,cut1,5746,POPC,484,57.83528518676758,118.51044464111328,85.45850372314453
5746,cut1,5746,POPC,485,72.80748748779297,97.27117919921875,86.49525451660156
5746,cut1,5746,POPC,486,103.4157485961914,219.28843688964844,87.79872131347656
5746,cut1,5746,POPC,487,179.2461395263672,39.747432708740234,94.02011108398438
5746,cut1,5746,POPC,488,166.961669921875,212.90983581542972,86.12657928466797
5746,cut1,5746,POPC,489,156.577880859375,185.65789794921875,86.539306640625
5746,cut1,5746,POPC,490,81.16754913330078,210.44187927246094,90.9339370727539
5746,cut1,5746,POPC,491,31.275663375854492,90.70256805419922,89.17070007324219
5746,cut1,5746,POPC,492,158.83062744140625,114.85884094238281,84.0784683227539
5746,cut1,5746,POPC,493,36.988895416259766,246.4818878173828,86.54454803466797
5746,cut1,5746,POPC,494,28.58173942565918,47.31282424926758,93.29271697998047
5746,cut1,5746,POPC,495,79.87041473388672,237.76524353027344,82.62117767333984
5746,cut1,5746,POPC,496,99.0674057006836,35.603824615478516,82.87572479248047
5746,cut1,5746,POPC,497,38.1749153137207,149.72415161132812,71.99088287353516
5746,cut1,5746,POPC,498,115.44449615478516,165.4536590576172,77.62857818603516
5746,cut1,5746,POPC,499,117.47388458251953,158.2699737548828,76.14616394042969
5746,cut1,5746,POPC,500,104.9642562866211,64.60447692871094,81.71134948730469
5746,cut1,5746,POPC,501,94.31086730957031,232.47268676757812,83.02991485595702
5746,cut1,5746,POPC,502,38.595340728759766,136.12203979492188,74.61522674560547
5746,cut1,5746,POPC,503,173.22946166992188,57.08208084106445,86.81727600097656
5746,cut1,5746,POPC,504,58.39078903198242,155.82440185546878,78.32289123535156
5746,cut1,5746,POPC,505,109.38079833984375,243.35133361816406,93.85447692871094
5746,cut1,5746,POPC,506,43.213260650634766,76.41188049316406,83.92218780517578
5746,cut1,5746,POPC,507,61.326717376708984,49.83834457397461,84.52318572998047
5746,cut1,5746,POPC,508,65.03646087646484,193.7672119140625,89.7734146118164
5746,cut1,5746,POPC,509,122.45711517333984,195.08523559570312,73.67310333251953
5746,cut1,5746,POPC,510,179.7585906982422,186.36737060546872,88.70657348632812
5746,cut1,5746,POPC,511,87.37012481689453,69.64279174804689,46.08962631225586
5746,cut1,5746,POPC,512,115.4278793334961,98.1769027709961,75.64524841308594
5746,cut1,5746,POPC,513,92.13062286376953,89.31230163574219,83.28802490234375
5746,cut1,5746,POPC,514,170.8592071533203,75.0979995727539,88.64859008789062
5746,cut1,5746,POPC,515,121.52594757080078,16.7886905670166,91.4004898071289
5746,cut1,5746,POPC,516,72.7001953125,51.005123138427734,82.456787109375
5746,cut1,5746,POPC,517,94.21858978271484,211.08421325683594,90.946044921875
5746,cut1,5746,POPC,518,59.07992935180664,132.9679718017578,67.25149536132812
5746,cut1,5746,POPC,519,107.21832275390625,72.59275817871094,83.3663330078125
5746,cut1,5746,POPC,520,81.8664321899414,58.317752838134766,85.29901885986328
5746,cut1,5746,POPC,521,76.58834838867188,47.480899810791016,85.6279296875
5746,cut1,5746,POPC,522,59.85609817504883,65.40460968017578,82.44852447509766
5746,cut1,5746,POPC,523,153.45120239257812,191.27740478515625,80.70415496826172
5746,cut1,5746,POPC,524,47.21348190307617,245.7340850830078,84.51644897460938
5746,cut1,5746,POPC,525,118.7266845703125,229.9805450439453,101.41089630126953
5746,cut1,5746,POPC,526,39.232669830322266,61.30765151977539,91.21791076660156
5746,cut1,5746,POPC,527,184.95236206054688,10.92036247253418,94.67840576171875
5746,cut1,5746,POPC,528,87.78793334960938,44.93893814086914,84.13804626464844
5746,cut1,5746,POPC,529,164.39370727539062,37.144283294677734,94.33222198486328
5746,cut1,5746,POPC,530,31.96235466003418,204.47561645507812,86.88329315185547
5746,cut1,5746,POPC,531,50.5748176574707,179.50196838378906,83.76368713378906
5746,cut1,5746,POPC,532,8.324029922485352,106.64862060546875,92.22319030761719
5746,cut1,5746,POPC,533,161.984619140625,90.15911102294922,91.64378356933594
5746,cut1,5746,POPC,534,153.9900665283203,196.34689331054688,78.57649230957031
5746,cut1,5746,POPC,535,188.45167541503906,216.0957794189453,89.44981384277344
5746,cut1,5746,POPC,536,75.04256439208984,105.43199920654297,84.60547637939453
5746,cut1,5746,POPC,537,121.51119995117188,171.52574157714844,75.87205505371094
5746,cut1,5746,POPC,538,172.86358642578125,88.37918090820312,94.05400085449219
5746,cut1,5746,POPC,539,156.40008544921875,218.79844665527344,81.07622528076172
5746,cut1,5746,POPC,540,95.87096405029297,224.94906616210938,88.85450744628906
5746,cut1,5746,POPC,541,150.12342834472656,4.11904764175415,88.28001403808594
5746,cut1,5746,POPC,542,168.33644104003906,7.341593265533447,96.32120513916016
5746,cut1,5746,POPC,543,47.48191452026367,172.839111328125,83.15399932861328
5746,cut1,5746,POPC,544,44.76813888549805,59.68203353881836,88.74575805664062
5746,cut1,5746,POPC,545,174.19992065429688,95.84043884277344,93.3541946411133
5746,cut1,5746,POPC,546,151.7493438720703,208.54638671875,79.41563415527344
5746,cut1,5746,POPC,547,75.36811828613281,24.333532333374023,81.5092544555664
5746,cut1,5746,POPC,548,160.34030151367188,45.70610427856445,93.84407043457031
5746,cut1,5746,POPC,549,35.95719528198242,142.79364013671875,72.94741821289062
5746,cut1,5746,POPC,550,88.89557647705078,123.64291381835938,81.85626220703125
5746,cut1,5746,POPC,551,64.55442810058594,106.91119384765625,81.71997833251953
5746,cut1,5746,POPC,552,181.97972106933594,210.23007202148438,88.79666137695312
5746,cut1,5746,POPC,553,42.88706588745117,159.5723114013672,77.34111022949219
5746,cut1,5746,POPC,554,21.872121810913086,165.73187255859375,79.83795166015625
5746,cut1,5746,POPC,555,56.71646499633789,162.4498291015625,79.47759246826172
5746,cut1,5746,POPC,556,35.605220794677734,48.597042083740234,92.12344360351562
5746,cut1,5746,POPC,557,82.82020568847656,203.79998779296875,89.34772491455078
5746,cut1,5746,POPC,558,63.6363639831543,33.19736862182617,87.87023162841797
5746,cut1,5746,POPC,559,168.0526885986328,107.50457763671875,86.78824615478514
5746,cut1,5746,POPC,560,156.96615600585938,57.58408737182617,90.47503662109375
5746,cut1,5746,POPC,561,106.10639953613281,93.93156433105469,78.3829116821289
5746,cut1,5746,POPC,562,122.88396453857423,141.904052734375,78.03462982177734
5746,cut1,5746,POPC,563,84.3873062133789,232.59439086914062,81.69857025146484
5746,cut1,5746,POPC,564,32.98819351196289,38.57052230834961,92.70861053466797
5746,cut1,5746,POPC,565,36.94338607788086,209.87228393554688,86.01298522949219
5746,cut1,5746,POPC,566,190.91563415527344,171.24362182617188,89.2439956665039
5746,cut1,5746,POPC,567,93.33312225341797,173.46255493164062,84.84044647216797
5746,cut1,5746,POPC,568,76.81195068359375,130.95172119140625,70.11532592773438
5746,cut1,5746,POPC,569,181.68060302734375,98.32191467285156,92.71398162841797
5746,cut1,5746,POPC,570,153.3162841796875,47.18179702758789,92.01757049560547
5746,cut1,5746,POPC,571,41.77114486694336,240.3054656982422,87.4688491821289
5746,cut1,5746,POPC,572,147.79312133789062,151.8613739013672,78.86328887939453
5746,cut1,5746,POPC,573,45.071048736572266,119.71012115478516,39.886207580566406
5746,cut1,5746,POPC,574,88.66778564453125,7.4769959449768075,89.92884826660156
5746,cut1,5746,POPC,575,182.98049926757812,86.19402313232422,94.2446060180664
5746,cut1,5746,POPC,576,142.3466796875,189.8154754638672,79.92698669433594
5746,cut1,5746,POPC,577,170.22694396972656,64.91223907470703,90.35240173339844
5746,cut1,5746,POPC,578,165.17210388183594,193.96621704101562,86.2784423828125
5746,cut1,5746,POPC,579,171.14622497558594,151.1702423095703,88.69429016113281
5746,cut1,5746,POPC,580,130.29356384277344,227.37632751464844,97.55012512207031
5746,cut1,5746,POPC,581,22.929655075073242,191.13751220703125,86.48250579833984
5746,cut1,5746,POPC,582,4.520547866821289,46.88735580444336,53.7646598815918
5746,cut1,5746,POPC,583,147.92359924316406,16.42600440979004,93.80448913574219
5746,cut1,5746,POPC,584,182.02197265625,176.04071044921875,90.2204818725586
5746,cut1,5746,POPC,585,19.299039840698242,199.37022399902344,86.55709838867188
5746,cut1,5746,POPC,586,112.87698364257812,15.315908432006836,91.62760925292969
5746,cut1,5746,POPC,587,36.13698196411133,200.9246063232422,82.73561096191406
5746,cut1,5746,POPC,588,75.21478271484375,182.6608123779297,86.91122436523438
5746,cut1,5746,POPC,589,25.335592269897457,74.66684722900392,61.40266418457031
5746,cut1,5746,POPC,590,100.3685073852539,204.51051330566406,88.04576110839844
5746,cut1,5746,POPC,591,45.695621490478516,199.73959350585935,85.10276794433594
5746,cut1,5746,POPC,592,19.858190536499023,240.18814086914062,88.32740783691406
5746,cut1,5746,POPC,593,128.0605926513672,196.3291473388672,78.16824340820312
5746,cut1,5746,POPC,594,122.10257720947266,160.75848388671875,79.86798858642578
5746,cut1,5746,POPC,595,167.2575225830078,29.440935134887695,93.75852966308594
5746,cut1,5746,POPC,596,100.35113525390625,249.1292266845703,90.0336685180664
5746,cut1,5746,POPC,597,56.68191909790039,203.89251708984375,87.51640319824219
5746,cut1,5746,POPC,598,26.85463523864746,154.28317260742188,76.08385467529297
5746,cut1,5746,POPC,599,140.33753967285156,57.417301177978516,90.1479263305664
5746,cut1,5746,POPC,600,91.56097412109375,32.61984634399414,87.43438720703125
5746,cut1,5746,POPC,601,71.1300277709961,77.962890625,84.7501220703125
5746,cut1,5746,POPC,602,101.04769134521484,212.0734405517578,89.15531921386719
5746,cut1,5746,POPC,603,75.07426452636717,246.55076599121094,84.801025390625
5746,cut1,5746,POPC,604,61.1751823425293,199.08123779296875,88.25103759765625
5746,cut1,5746,POPC,605,12.340513229370117,42.11154556274414,91.20824432373047
5746,cut1,5746,POPC,606,43.862003326416016,130.5314483642578,72.03427124023438
5746,cut1,5746,POPC,607,87.02154541015625,140.8690948486328,80.07711029052734
5746,cut1,5746,POPC,608,13.545419692993164,192.61117553710938,89.89495086669922
5746,cut1,5746,POPC,609,97.33283996582031,2.1872448921203618,89.68052673339844
5746,cut1,5746,POPC,610,84.22384643554688,224.07626342773438,48.10112762451172
5746,cut1,5746,POPC,611,84.80262756347656,73.29222106933594,82.75189208984375
5746,cut1,5746,POPC,612,53.184329986572266,23.090272903442383,88.88660430908203
5746,cut1,5746,POPC,613,45.78474044799805,206.88015747070312,84.58401489257812
5746,cut1,5746,POPC,614,2.7682015895843506,227.5245361328125,93.79198455810547
5746,cut1,5746,POPC,615,165.2808380126953,171.5203399658203,87.71853637695312
5746,cut1,5746,POPC,616,49.95950698852539,126.49890899658203,67.83042907714844
5746,cut1,5746,POPC,617,39.708003997802734,81.88253784179688,86.86170959472656
5746,cut1,5746,POPC,618,107.82302856445312,213.44126892089844,88.26288604736328
5746,cut1,5746,POPC,619,6.896543502807617,39.88631820678711,94.50164031982422
5746,cut1,5746,POPC,620,32.44191360473633,183.87379455566406,82.19263458251953
5746,cut1,5746,POPC,621,95.2178955078125,56.7877082824707,85.41974639892578
5746,cut1,5746,POPC,622,128.99974060058594,129.17738342285156,78.9884033203125
5746,cut1,5746,POPC,623,116.01837921142578,137.86517333984375,80.99492645263672
5746,cut1,5746,POPC,624,122.77796173095703,110.42591857910158,38.61293411254883
5746,cut1,5746,POPC,625,91.59121704101562,25.276948928833008,44.53184127807617
5746,cut1,5746,POPC,626,82.31413269042969,181.93316650390625,40.585784912109375
5746,cut1,5746,POPC,627,172.09347534179688,158.02740478515625,44.783119201660156
5746,cut1,5746,POPC,628,28.069730758666992,54.83591079711914,56.25050354003906
5746,cut1,5746,POPC,629,152.2294921875,80.6408462524414,51.453758239746094
5746,cut1,5746,POPC,630,130.51226806640625,18.404848098754883,53.45134735107422
5746,cut1,5746,POPC,631,150.17486572265625,201.39115905761722,41.0364990234375
5746,cut1,5746,POPC,632,113.8305435180664,175.09239196777344,40.896644592285156
5746,cut1,5746,POPC,633,133.78721618652344,13.698286056518555,52.096153259277344
5746,cut1,5746,POPC,634,146.69189453125,34.595298767089844,54.55080795288086
5746,cut1,5746,POPC,635,189.8540802001953,3.9911561012268066,53.86942672729492
5746,cut1,5746,POPC,636,1.8299044370651245,25.527742385864258,60.163368225097656
5746,cut1,5746,POPC,637,48.774662017822266,242.47842407226562,46.98307418823242
5746,cut1,5746,POPC,638,119.09233093261719,-1.1288275718688965,54.97517776489258
5746,cut1,5746,POPC,639,36.960697174072266,235.06434631347656,50.03839111328125
5746,cut1,5746,POPC,640,19.09512519836426,190.6804962158203,49.26959991455078
5746,cut1,5746,POPC,641,97.4862060546875,9.986749649047852,47.12436294555664
5746,cut1,5746,POPC,642,70.6239013671875,237.23419189453125,51.849246978759766
5746,cut1,5746,POPC,643,67.89068603515625,54.06467056274414,42.338008880615234
5746,cut1,5746,POPC,644,36.87559127807617,100.72816467285156,46.68449783325195
5746,cut1,5746,POPC,645,120.25359344482422,237.8680419921875,56.47504425048828
5746,cut1,5746,POPC,646,183.830322265625,200.0014190673828,53.446659088134766
5746,cut1,5746,POPC,647,167.9932098388672,76.35789489746094,51.118412017822266
5746,cut1,5746,POPC,648,164.1544952392578,172.60484313964844,47.49147415161133
5746,cut1,5746,POPC,649,52.305683135986335,229.55303955078125,46.60527420043945
5746,cut1,5746,POPC,650,9.953081130981445,188.91079711914062,50.5527458190918
5746,cut1,5746,POPC,651,160.38584899902344,202.1265106201172,40.32577133178711
5746,cut1,5746,POPC,652,178.9988250732422,226.04714965820312,47.79204559326172
5746,cut1,5746,POPC,653,49.515445709228516,224.89256286621094,48.13435745239258
5746,cut1,5746,POPC,654,31.767972946166992,19.66375160217285,54.72086715698242
5746,cut1,5746,POPC,655,32.497379302978516,26.05216407775879,54.149044036865234
5746,cut1,5746,POPC,656,47.71232986450195,169.5104522705078,42.80595397949219
5746,cut1,5746,POPC,657,93.76969909667969,130.83367919921875,51.009254455566406
5746,cut1,5746,POPC,658,23.362119674682617,103.96978759765625,48.550357818603516
5746,cut1,5746,POPC,659,25.9842586517334,63.21530532836914,56.665802001953125
5746,cut1,5746,POPC,660,124.52210998535156,252.82687377929688,58.451622009277344
5746,cut1,5746,POPC,661,191.20123291015625,183.53782653808594,47.6465950012207
5746,cut1,5746,POPC,662,185.15719604492188,173.1737823486328,44.24479675292969
5746,cut1,5746,POPC,663,21.625425338745117,202.16784667968747,47.013004302978516
5746,cut1,5746,POPC,664,7.390237808227539,4.369566440582275,54.8355827331543
5746,cut1,5746,POPC,665,166.35073852539062,160.97598266601562,45.68777084350586
5746,cut1,5746,POPC,666,6.962457656860352,244.17730712890625,55.74701690673829
5746,cut1,5746,POPC,667,82.85211181640625,246.90003967285156,50.16997528076172
5746,cut1,5746,POPC,668,157.87771606445312,38.71943283081055,52.15155029296875
5746,cut1,5746,POPC,669,187.82569885253906,228.2603302001953,53.91640090942383
5746,cut1,5746,POPC,670,60.1038932800293,161.7884521484375,47.783145904541016
5746,cut1,5746,POPC,671,96.58861541748047,232.8312225341797,49.486812591552734
5746,cut1,5746,POPC,672,156.93228149414062,123.7413101196289,43.17289352416992
5746,cut1,5746,POPC,673,38.32350540161133,38.25179672241211,54.5859375
5746,cut1,5746,POPC,674,74.22809600830078,16.310659408569336,44.478233337402344
5746,cut1,5746,POPC,675,165.82330322265625,188.5034637451172,48.14564895629883
5746,cut1,5746,POPC,676,7.593446731567383,56.7824592590332,56.974517822265625
5746,cut1,5746,POPC,677,107.63020324707031,78.72930908203125,47.78223419189453
5746,cut1,5746,POPC,678,59.83930587768555,49.57978439331055,46.79792022705078
5746,cut1,5746,POPC,679,111.10083770751953,139.9685516357422,41.149925231933594
5746,cut1,5746,POPC,680,46.832271575927734,54.048892974853516,48.66005325317383
5746,cut1,5746,POPC,681,86.98937225341798,208.77650451660156,44.274051666259766
5746,cut1,5746,POPC,682,23.867528915405273,226.1087188720703,48.2906608581543
5746,cut1,5746,POPC,683,90.26570892333984,46.7906379699707,42.67884826660156
5746,cut1,5746,POPC,684,29.505773544311523,46.82915115356445,57.117523193359375
5746,cut1,5746,POPC,685,42.59958267211914,43.216243743896484,54.18396759033203
5746,cut1,5746,POPC,686,168.23667907714844,20.69700050354004,57.138450622558594
5746,cut1,5746,POPC,687,70.66544342041016,180.09707641601562,44.642555236816406
5746,cut1,5746,POPC,688,106.43204498291016,144.75498962402344,42.86719512939453
5746,cut1,5746,POPC,689,44.956768035888665,206.4435272216797,45.437767028808594
5746,cut1,5746,POPC,690,51.16996383666992,73.92818450927734,47.555389404296875
5746,cut1,5746,POPC,691,2.571725606918335,163.62893676757812,49.60882568359375
5746,cut1,5746,POPC,692,114.09379577636719,249.25318908691406,50.623287200927734
5746,cut1,5746,POPC,693,124.16873931884766,23.370935440063477,50.28765106201172
5746,cut1,5746,POPC,694,3.4962823390960693,75.7995834350586,53.74987030029297
5746,cut1,5746,POPC,695,137.6626434326172,7.96682596206665,51.57095718383789
5746,cut1,5746,POPC,696,147.04034423828125,189.12600708007812,50.51453399658203
5746,cut1,5746,POPC,697,9.377050399780273,85.59458923339844,52.360816955566406
5746,cut1,5746,POPC,698,67.0466537475586,62.37582778930664,44.994571685791016
5746,cut1,5746,POPC,699,186.5116729736328,56.69413375854492,52.61443328857422
5746,cut1,5746,POPC,700,41.534114837646484,3.0406136512756348,46.09621047973633
5746,cut1,5746,POPC,701,176.62831115722656,13.668291091918945,55.926639556884766
5746,cut1,5746,POPC,702,87.41661071777344,199.6319122314453,41.96328353881836
5746,cut1,5746,POPC,703,65.36869812011719,12.411203384399414,44.40382766723633
5746,cut1,5746,POPC,704,14.648672103881838,186.73291015625,86.97295379638672
5746,cut1,5746,POPC,705,41.27024459838867,72.91600799560547,50.00749206542969
5746,cut1,5746,POPC,706,165.56375122070312,40.510189056396484,56.262939453125
5746,cut1,5746,POPC,707,33.64998245239258,53.70578384399414,54.61975860595703
5746,cut1,5746,POPC,708,78.25224304199219,83.73677062988281,57.989830017089844
5746,cut1,5746,POPC,709,153.140625,36.91935348510742,55.94618225097656
5746,cut1,5746,POPC,710,175.76719665527344,65.93641662597656,54.0731201171875
5746,cut1,5746,POPC,711,40.3686637878418,50.057804107666016,54.55935287475586
5746,cut1,5746,POPC,712,51.40352249145508,37.75310134887695,45.82652282714844
5746,cut1,5746,POPC,713,9.558244705200195,203.5496063232422,52.78471755981445
5746,cut1,5746,POPC,714,7.546136856079102,221.93167114257812,54.218597412109375
5746,cut1,5746,POPC,715,83.35248565673828,234.08981323242188,46.50786209106445
5746,cut1,5746,POPC,716,38.68837356567383,179.7429656982422,46.77455520629883
5746,cut1,5746,POPC,717,97.40723419189453,91.50338745117188,44.266868591308594
5746,cut1,5746,POPC,718,4.799478530883789,214.8423309326172,52.07141876220703
5746,cut1,5746,POPC,719,114.58384704589844,166.7089385986328,36.434776306152344
5746,cut1,5746,POPC,720,60.17471694946289,81.31526184082031,45.51968765258789
5746,cut1,5746,POPC,721,172.6984100341797,131.956298828125,50.60680389404297
5746,cut1,5746,POPC,722,46.27511978149414,77.45513153076172,48.696292877197266
5746,cut1,5746,POPC,723,29.472341537475586,232.3737335205078,54.621299743652344
5746,cut1,5746,POPC,724,13.992731094360352,49.72954177856445,58.36834716796875
5746,cut1,5746,POPC,725,101.10766601562501,15.721807479858398,46.173622131347656
5746,cut1,5746,POPC,726,17.595659255981445,249.44554138183594,55.18642044067383
5746,cut1,5746,POPC,727,182.1613311767578,222.6915740966797,52.046348571777344
5746,cut1,5746,POPC,728,75.70789337158203,202.525146484375,44.4837532043457
5746,cut1,5746,POPC,729,49.7703971862793,215.80868530273438,46.81443405151367
5746,cut1,5746,POPC,730,27.4184627532959,203.98123168945312,43.48760986328125
5746,cut1,5746,POPC,731,2.4320809841156006,9.07316780090332,56.76911163330078
5746,cut1,5746,POPC,732,149.61949157714844,169.984375,46.76342010498047
5746,cut1,5746,POPC,733,148.02500915527344,106.52900695800781,41.105186462402344
5746,cut1,5746,POPC,734,5.963357925415039,31.526609420776367,59.62134552001953
5746,cut1,5746,POPC,735,141.46957397460938,134.97836303710938,47.645904541015625
5746,cut1,5746,POPC,736,126.66786193847656,234.0117645263672,59.18427276611328
5746,cut1,5746,POPC,737,109.1839370727539,236.02288818359378,51.88240432739258
5746,cut1,5746,POPC,738,168.09500122070312,67.82091522216797,49.683197021484375
5746,cut1,5746,POPC,739,67.69459533691406,205.1879119873047,47.22537612915039
5746,cut1,5746,POPC,740,20.74811363220215,208.6372833251953,44.18641662597656
5746,cut1,5746,POPC,741,104.84518432617188,71.28948211669922,43.745643615722656
5746,cut1,5746,POPC,742,180.30569458007812,235.4646453857422,52.50482177734375
5746,cut1,5746,POPC,743,66.69178009033203,82.44205474853516,48.75446701049805
5746,cut1,5746,POPC,744,92.57093048095703,225.0379180908203,47.74397277832031
5746,cut1,5746,POPC,745,168.3679962158203,26.297834396362305,56.16547393798828
5746,cut1,5746,POPC,746,192.40350341796875,83.2408447265625,51.371124267578125
5746,cut1,5746,POPC,747,55.95357894897461,222.85940551757812,46.31610107421875
5746,cut1,5746,POPC,748,153.58042907714844,186.96243286132812,51.40214157104492
5746,cut1,5746,POPC,749,108.39661407470703,226.03253173828125,52.442176818847656
5746,cut1,5746,POPC,750,54.7399787902832,150.9857940673828,39.62596130371094
5746,cut1,5746,POPC,751,26.9141902923584,96.75428009033203,51.01325607299805
5746,cut1,5746,POPC,752,171.22576904296875,122.87515258789062,51.640708923339844
5746,cut1,5746,POPC,753,1.8280199766159058,107.38399505615233,49.540035247802734
5746,cut1,5746,POPC,754,187.2392578125,149.14910888671875,52.197330474853516
5746,cut1,5746,POPC,755,48.59103012084961,1.8406853675842285,43.65514373779297
5746,cut1,5746,POPC,756,75.04217529296875,177.2388000488281,41.499183654785156
5746,cut1,5746,POPC,757,75.39945983886719,193.4188995361328,42.1440544128418
5746,cut1,5746,POPC,758,22.405874252319336,239.15646362304688,52.17540740966797
5746,cut1,5746,POPC,759,1.2272242307662964,250.40460205078125,53.55420684814453
5746,cut1,5746,POPC,760,162.87330627441406,85.5597915649414,50.425960540771484
5746,cut1,5746,POPC,761,144.96995544433594,174.0882110595703,49.218658447265625
5746,cut1,5746,POPC,762,46.5960578918457,39.229190826416016,50.82256317138672
5746,cut1,5746,POPC,763,52.33933639526367,68.09691619873047,49.361148834228516
5746,cut1,5746,POPC,764,131.89723205566406,240.05892944335938,59.74493408203125
5746,cut1,5746,POPC,765,18.740354537963867,218.0310821533203,48.60679244995117
5746,cut1,5746,POPC,766,142.08747863769534,27.133424758911133,52.81930923461914
5746,cut1,5746,POPC,767,186.67808532714844,104.40858459472656,49.75897979736328
5746,cut1,5746,POPC,768,101.13004302978516,36.19046401977539,51.08671188354492
5746,cut1,5746,POPC,769,175.40345764160156,165.74884033203125,48.067989349365234
5746,cut1,5746,POPC,770,39.28720474243164,202.73817443847656,45.13823318481445
5746,cut1,5746,POPC,771,106.71372985839844,22.704713821411133,48.011966705322266
5746,cut1,5746,POPC,772,154.10914611816406,252.09744262695312,47.75571060180664
5746,cut1,5746,POPC,773,161.0088348388672,145.47071838378906,51.106685638427734
5746,cut1,5746,POPC,774,39.31050491333008,172.29269409179688,42.1422233581543
5746,cut1,5746,POPC,775,83.98942565917969,22.36869239807129,42.28491973876953
5746,cut1,5746,POPC,776,3.3039796352386475,123.6675033569336,49.120330810546875
5746,cut1,5746,POPC,777,43.19160079956055,221.71517944335938,44.470298767089844
5746,cut1,5746,POPC,778,110.91632843017578,3.5006203651428223,49.57842254638672
5746,cut1,5746,POPC,779,172.78529357910156,85.84271240234375,53.06059265136719
5746,cut1,5746,POPC,780,21.462541580200195,233.1782684326172,52.83518600463867
5746,cut1,5746,POPC,781,53.72550582885742,20.278226852416992,46.27396011352539
5746,cut1,5746,POPC,782,84.58666229248047,61.46745681762695,49.141258239746094
5746,cut1,5746,POPC,783,67.88088989257812,71.14436340332031,47.617916107177734
5746,cut1,5746,POPC,784,61.27487564086914,75.44861602783203,45.736610412597656
5746,cut1,5746,POPC,785,72.92076110839844,85.54676055908203,51.44302749633789
5746,cut1,5746,POPC,786,74.54528045654297,33.62883758544922,43.63576889038086
5746,cut1,5746,POPC,787,-1.2117596864700317,68.71775817871094,57.04083251953125
5746,cut1,5746,POPC,788,109.43057250976562,28.586141586303714,52.978302001953125
5746,cut1,5746,POPC,789,12.511472702026367,3.540136814117431,57.94715881347656
5746,cut1,5746,POPC,790,163.23876953125,80.17463684082031,50.82551193237305
5746,cut1,5746,POPC,791,40.02363204956055,86.01781463623047,49.438514709472656
5746,cut1,5746,POPC,792,177.5384521484375,182.81820678710938,49.41667175292969
5746,cut1,5746,POPC,793,152.15211486816406,22.395246505737305,57.397544860839844
5746,cut1,5746,POPC,794,24.958845138549805,39.86417770385742,61.619781494140625
5746,cut1,5746,POPC,795,130.7435760498047,166.1393585205078,40.94024658203125
5746,cut1,5746,POPC,796,174.1647491455078,76.19984436035156,55.0512809753418
5746,cut1,5746,POPC,797,26.25092124938965,27.006494522094727,53.80262374877929
5746,cut1,5746,POPC,798,153.27110290527344,6.068151950836182,47.376712799072266
5746,cut1,5746,POPC,799,93.07777404785156,32.39950942993164,46.50691604614257
5746,cut1,5746,POPC,800,50.53501510620117,44.20602035522461,51.85546112060547
5746,cut1,5746,POPC,801,56.98261642456055,242.59950256347656,47.05158233642578
5746,cut1,5746,POPC,802,154.07009887695312,89.35511016845703,49.15140914916992
5746,cut1,5746,POPC,803,122.21273040771484,230.10987854003906,55.555511474609375
5746,cut1,5746,POPC,804,117.64791107177734,225.73646545410156,52.00291061401367
5746,cut1,5746,POPC,805,171.39599609375003,110.18436431884766,49.497093200683594
5746,cut1,5746,POPC,806,31.31995964050293,151.4736785888672,36.18324279785157
5746,cut1,5746,POPC,807,168.81954956054688,9.690225601196289,56.45845794677735
5746,cut1,5746,POPC,808,59.96647262573242,26.219114303588867,40.571533203125
5746,cut1,5746,POPC,809,84.41262817382812,109.61699676513672,42.85292053222656
5746,cut1,5746,POPC,810,26.352514266967773,133.72763061523438,38.937774658203125
5746,cut1,5746,POPC,811,159.02435302734375,178.63442993164062,47.70880126953125
5746,cut1,5746,POPC,812,26.177419662475586,165.9879608154297,42.325172424316406
5746,cut1,5746,POPC,813,66.08750915527344,238.49879455566406,47.098194122314446
5746,cut1,5746,POPC,814,87.90042877197266,135.1551971435547,79.65148162841797
5746,cut1,5746,POPC,815,29.798986434936523,6.160727024078369,50.251277923583984
5746,cut1,5746,POPC,816,186.53875732421875,49.8875617980957,54.1257209777832
5746,cut1,5746,POPC,817,177.38848876953125,0.9747318625450134,54.26679992675781
5746,cut1,5746,POPC,818,179.09033203125,88.18535614013672,51.62272644042969
5746,cut1,5746,POPC,819,159.28273010253906,166.66159057617188,45.846973419189446
5746,cut1,5746,POPC,820,145.90963745117188,137.96009826660156,44.295372009277344
5746,cut1,5746,POPC,821,0.7965410947799683,129.8903045654297,51.16804504394531
5746,cut1,5746,POPC,822,65.6002197265625,163.51400756835938,43.87820053100586
5746,cut1,5746,POPC,823,139.8496551513672,251.39561462402344,52.698299407958984
5746,cut1,5746,POPC,824,161.7630157470703,138.44068908691406,45.86043167114258
5746,cut1,5746,POPC,825,77.12767028808594,225.88705444335938,49.86963653564453
5746,cut1,5746,POPC,826,5.271615982055664,90.86769104003906,49.70988845825195
5746,cut1,5746,POPC,827,4.933774948120117,113.09586334228516,45.837158203125
5746,cut1,5746,POPC,828,72.58931732177734,46.10202407836914,45.12632751464844
5746,cut1,5746,POPC,829,98.80171203613281,41.72500991821289,47.54729080200195
5746,cut1,5746,POPC,830,140.12611389160156,124.24513244628906,44.73295593261719
5746,cut1,5746,POPC,831,17.807172775268555,244.02859497070312,52.41999435424805
5746,cut1,5746,POPC,832,192.63145446777344,215.81932067871094,51.82427215576172
5746,cut1,5746,POPC,833,148.2861328125,26.49151039123535,56.93243408203126
5746,cut1,5746,POPC,834,36.01449203491212,208.6714630126953,45.92317581176758
5746,cut1,5746,POPC,835,150.03260803222656,239.01368713378906,50.74551010131836
5746,cut1,5746,POPC,836,73.39311218261719,220.92958068847656,47.33293151855469
5746,cut1,5746,POPC,837,14.628454208374023,70.41073608398438,57.17138671875
5746,cut1,5746,POPC,838,104.50211334228516,28.078371047973633,47.19586944580078
5746,cut1,5746,POPC,839,143.90516662597656,42.32881546020508,55.17108154296875
5746,cut1,5746,POPC,840,159.4258270263672,32.97678756713867,57.31835174560547
5746,cut1,5746,POPC,841,178.54747009277344,72.07223510742188,55.22301483154297
5746,cut1,5746,POPC,842,67.2894515991211,212.1929931640625,47.35754394531251
5746,cut1,5746,POPC,843,48.3137321472168,23.604249954223633,47.36024475097656
5746,cut1,5746,POPC,844,33.93893051147461,223.92591857910156,45.18904495239258
5746,cut1,5746,POPC,845,173.39633178710938,188.06639099121094,49.929710388183594
5746,cut1,5746,POPC,846,32.725948333740234,37.36851119995117,57.43714141845703
5746,cut1,5746,POPC,847,104.69691467285156,106.08558654785156,36.599151611328125
5746,cut1,5746,POPC,848,2.9521729946136475,14.780126571655273,54.014705657958984
5746,cut1,5746,POPC,849,8.336648941040039,50.73331832885742,57.491722106933594
5746,cut1,5746,POPC,850,80.25191497802734,215.456787109375,47.73064422607422
5746,cut1,5746,POPC,851,61.4407844543457,197.7789764404297,42.32047653198242
5746,cut1,5746,POPC,852,123.33038330078124,18.733022689819336,53.59208297729492
5746,cut1,5746,POPC,853,18.73992347717285,12.676366806030275,58.45111846923828
5746,cut1,5746,POPC,854,140.80564880371094,19.072080612182617,50.15217971801758
5746,cut1,5746,POPC,855,170.32508850097656,255.3172149658203,49.37767791748047
5746,cut1,5746,POPC,856,30.426931381225586,84.80069732666016,89.04899597167969
5746,cut1,5746,POPC,857,40.92551803588867,150.2855987548828,37.526969909667976
5746,cut1,5746,POPC,858,10.175580978393555,19.944726943969727,57.566322326660156
5746,cut1,5746,POPC,859,87.16525268554688,183.76896667480472,36.867977142333984
5746,cut1,5746,POPC,860,96.87274932861328,20.337759017944336,45.63457489013672
5746,cut1,5746,POPC,861,52.19271469116211,181.03298950195312,43.91267013549805
5746,cut1,5746,POPC,862,72.86719512939453,187.77639770507812,47.791378021240234
5746,cut1,5746,POPC,863,24.590421676635742,250.64450073242188,51.92041778564453
5746,cut1,5746,POPC,864,46.89931106567383,8.676965713500977,47.52696228027344
5746,cut1,5746,POPC,865,62.90945816040039,41.43235397338867,44.051856994628906
5746,cut1,5746,POPC,866,121.97850036621094,159.83432006835938,36.65104675292969
5746,cut1,5746,POPC,867,71.34844970703125,148.94418334960938,39.22750473022461
5746,cut1,5746,POPC,868,170.223388671875,58.75967788696289,52.74653244018555
5746,cut1,5746,POPC,869,93.16441345214845,96.55626678466797,44.5283317565918
5746,cut1,5746,POPC,870,66.60897064208984,221.3148193359375,49.68988037109375
5746,cut1,5746,POPC,871,119.84811401367188,244.4466552734375,53.793861389160156
5746,cut1,5746,POPC,872,80.05633544921875,195.8950653076172,41.74212646484375
5746,cut1,5746,POPC,873,33.04929733276367,11.960653305053711,50.73009490966797
5746,cut1,5746,POPC,874,157.8632049560547,52.14360427856445,50.9443359375
5746,cut1,5746,POPC,875,2.78330397605896,60.02717208862305,55.4710693359375
5746,cut1,5746,POPC,876,136.83203125,0.9212116599082947,57.80719757080078
5746,cut1,5746,POPC,877,91.83030700683594,65.53399658203125,47.8677101135254
5746,cut1,5746,POPC,878,185.83596801757812,193.7837371826172,54.45634078979492
5746,cut1,5746,POPC,879,188.78211975097656,167.61988830566406,47.496192932128906
5746,cut1,5746,POPC,880,16.69852638244629,91.12625885009766,51.024539947509766
5746,cut1,5746,POPC,881,163.8638458251953,15.268728256225586,57.371253967285156
5746,cut1,5746,POPC,882,34.23481369018555,68.44416046142578,54.30637741088867
5746,cut1,5746,POPC,883,115.7136001586914,25.64140510559082,51.9179573059082
5746,cut1,5746,POPC,884,180.34288024902344,159.6649627685547,47.98257064819336
5746,cut1,5746,POPC,885,183.97862243652344,139.7510986328125,53.34375762939454
5746,cut1,5746,POPC,886,73.61774444580078,51.6548957824707,46.46403121948242
5746,cut1,5746,POPC,887,99.93679809570312,118.70758819580078,42.915916442871094
5746,cut1,5746,POPC,888,14.040094375610352,56.76969528198242,54.793067932128906
5746,cut1,5746,POPC,889,165.4842529296875,130.15060424804688,45.511077880859375
5746,cut1,5746,POPC,890,72.12358093261719,215.98097229003906,45.29981994628906
5746,cut1,5746,POPC,891,189.94554138183594,15.439329147338867,56.07280731201172
5746,cut1,5746,POPC,892,131.64349365234375,247.4114990234375,59.78436279296875
5746,cut1,5746,POPC,893,102.364501953125,8.687116622924805,50.19974136352539
5746,cut1,5746,POPC,894,144.37875366210938,8.184019088745117,52.407981872558594
5746,cut1,5746,POPC,895,170.8684539794922,49.46339797973633,55.38531494140625
5746,cut1,5746,POPC,896,164.83853149414065,194.14549255371094,45.49396514892578
5746,cut1,5746,POPC,897,59.01375198364258,18.515756607055664,43.07459259033204
5746,cut1,5746,POPC,898,31.837499618530273,239.91250610351562,49.17237854003906
5746,cut1,5746,POPC,899,120.73519897460938,9.969209671020508,51.3757438659668
5746,cut1,5746,POPC,900,165.4989776611328,122.22112274169922,48.41334533691406
5746,cut1,5746,POPC,901,95.97148895263672,252.00424194335938,48.709228515625
5746,cut1,5746,POPC,902,107.92872619628906,100.6248779296875,41.38106918334961
5746,cut1,5746,POPC,903,71.28106689453125,11.303205490112305,45.133392333984375
5746,cut1,5746,POPC,904,14.912332534790039,212.76905822753906,53.975582122802734
5746,cut1,5746,POPC,905,25.431791305541992,32.990577697753906,58.44373321533203
5746,cut1,5746,POPC,906,177.10821533203125,23.144826889038086,57.22343444824219
5746,cut1,5746,POPC,907,9.356565475463867,196.70611572265625,49.964378356933594
5746,cut1,5746,POPC,908,87.5774154663086,76.72010040283203,47.92871856689453
5746,cut1,5746,POPC,909,192.421142578125,120.81981658935547,51.969268798828125
5746,cut1,5746,POPC,910,81.32431030273438,206.05447387695312,46.21160125732422
5746,cut1,5746,POPC,911,100.78343963623047,144.0091552734375,46.191612243652344
5746,cut1,5746,POPC,912,48.17227554321289,189.32107543945312,43.113563537597656
5746,cut1,5746,POPC,913,151.32406616210938,52.67941665649414,50.3706169128418
5746,cut1,5746,POPC,914,149.34092712402344,12.714788436889648,52.45962142944336
5746,cut1,5746,POPC,915,167.9667510986328,104.62358093261719,48.748897552490234
5746,cut1,5746,POPC,916,154.21763610839844,192.6564483642578,42.299598693847656
5746,cut1,5746,POPC,917,3.1114327907562256,192.5365447998047,51.62470245361328
5746,cut1,5746,POPC,918,172.8819122314453,42.067020416259766,58.409881591796875
5746,cut1,5746,POPC,919,97.8113021850586,214.669189453125,47.44516372680664
5746,cut1,5746,POPC,920,29.8210506439209,82.5059814453125,55.880943298339844
5746,cut1,5746,POPC,921,61.89065933227539,150.17160034179688,37.39555740356445
5746,cut1,5746,POPC,922,194.2620849609375,39.42454147338867,56.34015655517578
5746,cut1,5746,POPC,923,155.43972778320312,173.4117431640625,47.126930236816406
5746,cut1,5746,POPC,924,70.47593688964844,38.44588088989258,44.470767974853516
5746,cut1,5746,POPC,925,-0.014021039940416813,33.68486022949219,54.89166259765625
5746,cut1,5746,POPC,926,86.92361450195312,217.4337158203125,47.01419448852539
5746,cut1,5746,POPC,927,57.17277145385742,41.584720611572266,47.033939361572266
5746,cut1,5746,POPC,928,165.1969451904297,7.6250901222229,52.34885025024414
5746,cut1,5746,POPC,929,59.4743766784668,10.57750129699707,44.76730728149414
5746,cut1,5746,POPC,930,89.29829406738281,20.001665115356445,40.84316635131836
5746,cut1,5746,POPC,931,146.72425842285156,250.92599487304688,51.852088928222656
5746,cut1,5746,POPC,932,67.25819396972656,169.96434020996094,44.528907775878906
5746,cut1,5746,POPC,933,97.92157745361328,64.82505798339844,41.87434387207032
5746,cut1,5746,POPC,934,26.6372127532959,42.47599411010742,56.02610778808594
5746,cut1,5746,POPC,935,164.45123291015625,147.64167785644534,47.9804573059082
5746,cut1,5746,POPC,936,166.54269409179688,97.69884490966797,49.886924743652344
5746,cut1,5746,POPC,937,92.61766052246094,79.01937103271484,44.80839538574219
5746,cut1,5746,POPC,938,56.64023208618163,190.3701171875,43.130245208740234
5746,cut1,5746,POPC,939,56.44087600708008,200.14260864257812,47.52040100097656
5746,cut1,5746,POPC,940,179.28982543945312,142.39395141601562,48.93654251098633
5746,cut1,5746,POPC,941,190.4466094970703,74.1393051147461,54.30495834350586
5746,cut1,5746,POPC,942,46.9878044128418,16.185346603393555,50.67190933227539
5746,cut1,5746,POPC,943,57.472896575927734,156.6331024169922,43.64228057861328
5746,cut1,5746,POPC,944,22.8424129486084,3.4889092445373535,53.271766662597656
5746,cut1,5746,POPC,945,169.65960693359375,35.20016098022461,58.76036834716797
5746,cut1,5746,POPC,946,156.1499481201172,104.97811126708984,47.334495544433594
5746,cut1,5746,POPC,947,76.22620391845702,235.22384643554688,47.330570220947266
5746,cut1,5746,POPC,948,2.199155569076538,229.59007263183594,56.44588088989258
5746,cut1,5746,POPC,949,71.44143676757812,96.16089630126953,46.36600875854492
5746,cut1,5746,POPC,950,4.783132553100586,184.18898010253903,51.61592483520508
5746,cut1,5746,POPC,951,60.87722396850586,228.5227508544922,48.257537841796875
5746,cut1,5746,POPC,952,67.21312713623045,1.2750248908996582,43.613807678222656
5746,cut1,5746,POPC,953,122.76171875,4.4449639320373535,53.72356414794922
5746,cut1,5746,POPC,954,185.66067504882812,84.94407653808594,52.11464309692383
5746,cut1,5746,POPC,955,158.36367797851562,12.310186386108398,52.84844970703125
5746,cut1,5746,POPC,956,87.86441802978516,11.960481643676758,45.95026779174805
5746,cut1,5746,POPC,957,78.44959259033203,71.69890594482422,45.8560676574707
5746,cut1,5746,POPC,958,188.84796142578125,201.9599456787109,51.624656677246094
5746,cut1,5746,POPC,959,88.4319076538086,135.28103637695312,47.384071350097656
5746,cut1,5746,POPC,960,30.44508934020996,246.27162170410156,49.57415771484375
5746,cut1,5746,POPC,961,182.0557098388672,44.83578109741211,56.66218566894531
5746,cut1,5746,POPC,962,136.83871459960938,30.49956703186035,47.840576171875
5746,cut1,5746,POPC,963,9.31941032409668,236.30673217773438,54.63130569458008
5746,cut1,5746,POPC,964,186.07089233398438,127.74081420898438,53.19513702392578
5746,cut1,5746,POPC,965,176.54312133789062,153.76937866210938,49.798797607421875
5746,cut1,5746,POPC,966,89.41693878173828,3.5151925086975098,47.6522216796875
5746,cut1,5746,POPC,967,13.372251510620117,222.5011444091797,50.26944351196289
5746,cut1,5746,POPC,968,38.50126266479492,226.98648071289062,48.46902084350586
5746,cut1,5746,POPC,969,91.75498199462889,88.38178253173828,49.586605072021484
5746,cut1,5746,POPC,970,56.756893157958984,132.9861602783203,35.158836364746094
5746,cut1,5746,POPC,971,31.40052604675293,77.23117828369142,56.80577087402344
5746,cut1,5746,POPC,972,36.017887115478516,250.29177856445312,47.295223236083984
5746,cut1,5746,POPC,973,3.752633810043335,69.40296173095703,54.24540710449219
5746,cut1,5746,POPC,974,136.70230102539062,24.423437118530273,50.251197814941406
5746,cut1,5746,POPC,975,100.22676086425781,226.24935913085938,48.157169342041016
5746,cut1,5746,POPC,976,75.84417724609375,144.4647674560547,40.79352951049805
5746,cut1,5746,POPC,977,182.11463928222656,132.81394958496097,51.808326721191406
5746,cut1,5746,POPC,978,88.57892608642578,237.10096740722656,49.92202377319335
5746,cut1,5746,POPC,979,192.18814086914062,90.64488220214844,52.451419830322266
5746,cut1,5746,POPC,980,79.94406127929688,76.91643524169922,53.118316650390625
5746,cut1,5746,POPC,981,99.03250122070312,207.86669921875,49.01210021972656
5746,cut1,5746,POPC,982,56.0036506652832,177.45681762695312,48.45696258544922
5746,cut1,5746,POPC,983,182.37591552734375,4.214399814605713,51.130863189697266
5746,cut1,5746,POPC,984,11.696321487426758,110.59266662597656,50.565040588378906
5746,cut1,5746,POPC,985,43.89358139038086,213.63992309570312,47.16411209106445
5746,cut1,5746,POPC,986,181.3577423095703,229.3187713623047,51.733795166015625
5746,cut1,5746,POPC,987,166.4793243408203,62.103633880615234,49.548011779785156
5746,cut1,5746,POPC,988,99.64373016357422,59.22812271118164,44.37313461303711
5746,cut1,5746,POPC,989,33.81486129760742,173.4876708984375,43.656707763671875
5746,cut1,5746,POPC,990,95.77767944335936,106.63667297363281,41.61288070678711
5746,cut1,5746,POPC,991,183.42112731933594,75.70572662353516,53.25170135498047
5746,cut1,5746,POPC,992,63.14401626586914,58.81319808959961,44.64540100097656
5746,cut1,5746,POPC,993,143.61659240722656,158.09716796875,46.248939514160156
5746,cut1,5746,POPC,994,42.619083404541016,239.30899047851562,47.56214904785156
5746,cut1,5746,POPC,995,97.81851959228516,124.0035171508789,47.39443588256836
5746,cut1,5746,POPC,996,157.36663818359375,76.8807601928711,47.929195404052734
5746,cut1,5746,POPC,997,178.45166015625,196.33511352539062,52.183380126953125
5746,cut1,5746,POPC,998,54.58518600463867,32.879337310791016,40.22909164428711
5746,cut1,5746,POPC,999,36.43619918823242,62.14590835571289,53.36630630493164
5746,cut1,5746,POPC,1000,49.021541595458984,248.2757568359375,46.26350021362305
5746,cut1,5746,POPC,1001,194.65280151367188,209.27459716796875,52.3103141784668
5746,cut1,5746,POPC,1002,66.59689331054688,22.384489059448242,41.8017692565918
5746,cut1,5746,POPC,1003,39.13517379760742,167.08544921875,38.9594841003418
5746,cut1,5746,POPC,1004,163.82550048828125,181.89181518554688,48.835697174072266
5746,cut1,5746,POPC,1005,83.98545837402344,3.180494785308838,46.028533935546875
5746,cut1,5746,POPC,1006,36.71767044067383,146.72955322265625,39.153785705566406
5746,cut1,5746,POPC,1007,54.5956916809082,126.90100860595703,39.79991149902344
5746,cut1,5746,POPC,1008,153.8833465576172,98.65779113769531,46.462284088134766
5746,cut1,5746,POPC,1009,39.632305145263665,27.241003036499023,53.28075408935547
5746,cut1,5746,POPC,1010,122.73225402832031,103.37598419189453,40.4588508605957
5746,cut1,5746,POPC,1011,151.67547607421875,141.34506225585938,49.635520935058594
5746,cut1,5746,POPC,1012,174.5025634765625,103.5851821899414,53.34841537475586
5746,cut1,5746,POPC,1013,154.56903076171875,28.556100845336918,58.441978454589844
5746,cut1,5746,POPC,1014,158.52151489257812,189.12989807128906,47.42331314086914
5746,cut1,5746,POPC,1015,158.292236328125,62.469051361083984,49.127906799316406
5746,cut1,5746,POPC,1016,149.37620544433594,32.24930191040039,61.32128143310547
5746,cut1,5746,POPC,1017,150.55833435058594,43.08980941772461,54.28748321533203
5746,cut1,5746,POPC,1018,16.582761764526367,108.55558013916016,47.26664352416992
5746,cut1,5746,POPC,1019,19.46367073059082,29.9126033782959,54.74406433105469
5746,cut1,5746,POPC,1020,175.05828857421875,31.528806686401367,58.088294982910156
5746,cut1,5746,POPC,1021,16.73411750793457,34.4027099609375,56.820472717285156
5746,cut1,5746,POPC,1022,23.034299850463867,80.07986450195312,58.86053466796875
5746,cut1,5746,POPC,1023,190.5528106689453,26.116262435913086,57.582122802734375
5746,cut1,5746,POPC,1024,84.87403869628906,89.84203338623047,52.57493209838867
5746,cut1,5746,POPC,1025,61.39158248901367,236.61788940429688,46.3078727722168
5746,cut1,5746,POPC,1026,53.288509368896484,6.844156742095947,46.6721305847168
5746,cut1,5746,POPC,1027,27.002660751342773,183.41152954101562,48.61793899536133
5746,cut1,5746,POPC,1028,88.38761901855469,242.9472198486328,47.99460983276367
5746,cut1,5746,POPC,1029,163.72409057617188,55.580379486083984,51.7212028503418
5746,cut1,5746,POPC,1030,182.6478271484375,14.698843002319336,53.57288360595703
5746,cut1,5746,POPC,1031,11.433675765991211,241.65306091308594,55.84373474121094
5746,cut1,5746,POPC,1032,185.33152770996094,38.97782516479492,55.983848571777344
5746,cut1,5746,POPC,1033,185.41026306152344,250.72401428222656,51.002994537353516
5746,cut1,5746,POPC,1034,10.868196487426758,29.065797805786133,56.53800964355469
5746,cut1,5746,POPC,1035,158.83013916015625,157.10926818847656,49.1357421875
5746,cut1,5746,POPC,1036,84.39927673339844,212.16006469726562,48.111793518066406
5746,cut1,5746,POPC,1037,14.578683853149414,98.85680389404297,48.95785140991211
5746,cut1,5746,POPC,1038,31.303998947143555,0.3422169089317322,53.755645751953125
5746,cut1,5746,POPC,1039,160.9092254638672,112.5470199584961,47.21983337402344
5746,cut1,5746,POPC,1040,72.0167236328125,89.3997573852539,47.45037841796875
5746,cut1,5746,POPC,1041,74.41921997070312,165.48916625976562,43.46696472167969
5746,cut1,5746,POPC,1042,115.10166931152344,16.754289627075195,50.86747741699219
5746,cut1,5746,POPC,1043,173.77650451660156,196.5748748779297,47.678340911865234
5746,cut1,5746,POPC,1044,168.87953186035156,152.37838745117188,44.80840301513672
5746,cut1,5746,POPC,1045,181.44766235351562,116.71713256835938,53.45742416381836
5746,cut1,5746,POPC,1046,12.361040115356445,11.467321395874025,58.37098693847656
5746,cut1,5746,POPC,1047,155.5676727294922,133.53506469726562,44.470481872558594
5746,cut1,5746,POPC,1048,158.18472290039062,94.67832946777344,49.038082122802734
5746,cut1,5746,POPC,1049,147.75485229492188,146.542236328125,48.843482971191406
5746,cut1,5746,POPC,1050,43.037357330322266,184.77078247070312,45.01008987426758
5746,cut1,5746,POPC,1051,181.34043884277344,101.28655242919922,50.54669952392578
5746,cut1,5746,POPC,1052,187.51731872558594,208.96043395996094,51.89357376098633
5746,cut1,5746,POPC,1053,151.4303741455078,70.77037811279297,46.39683151245117
5746,cut1,5746,POPC,1054,-0.08123600482940674,99.18351745605469,48.3861198425293
5746,cut1,5746,POPC,1055,137.67523193359375,245.218017578125,56.094940185546875
5746,cut1,5746,POPC,1056,7.676229476928711,65.02399444580078,54.21437072753906
5746,cut1,5746,POPC,1057,88.79300689697266,39.65756607055664,47.318878173828125
5746,cut1,5746,POPC,1058,191.9922637939453,241.88629150390625,52.734107971191406
5746,cut1,5746,POPC,1059,17.463769912719727,85.30769348144531,52.14759826660156
5746,cut1,5746,POPC,1060,106.6103515625,52.9587516784668,45.51136779785156
5746,cut1,5746,POPC,1061,101.43892669677734,101.10516357421875,39.599578857421875
5746,cut1,5746,POPC,1062,70.89664459228516,245.39373779296875,45.528900146484375
5746,cut1,5746,POPC,1063,117.53130340576172,146.5355682373047,40.58723449707031
5746,cut1,5746,POPC,1064,48.905696868896484,85.166259765625,43.89106369018555
5746,cut1,5746,POPC,1065,26.536108016967773,218.95758056640625,48.20363998413086
5746,cut1,5746,POPC,1066,3.115163564682007,239.61387634277344,55.57511901855469
5746,cut1,5746,POPC,1067,194.52394104003906,222.1537322998047,55.30577850341797
5746,cut1,5746,POPC,1068,104.71714782714844,250.14979553222656,47.56068420410156
5746,cut1,5746,POPC,1069,146.65966796875,182.18612670898438,49.840816497802734
5746,cut1,5746,POPC,1070,9.973810195922852,41.96358871459961,58.90641784667969
5746,cut1,5746,POPC,1071,68.8625259399414,194.70916748046875,43.5374870300293
5746,cut1,5746,POPC,1072,173.46229553222656,139.15676879882812,48.73987579345703
5746,cut1,5746,POPC,1073,81.72687530517578,34.145843505859375,45.909019470214844
5746,cut1,5746,POPC,1074,81.55911254882812,188.15545654296875,40.891578674316406
5746,cut1,5746,POPC,1075,74.63188171386719,3.9108262062072754,45.840797424316406
5746,cut1,5746,POPC,1076,162.1456756591797,44.8965950012207,51.24009323120117
5746,cut1,5746,POPC,1077,125.32115173339844,242.62225341796875,53.702903747558594
5746,cut1,5746,POPC,1078,175.3416290283203,93.67630004882812,50.49536895751953
5746,cut1,5746,POPC,1079,182.380126953125,187.3312225341797,50.97783279418945
5746,cut1,5746,POPC,1080,171.87986755371094,246.59519958496094,50.483238220214844
5746,cut1,5746,POPC,1081,17.231904983520508,76.41886901855469,57.15589904785156
5746,cut1,5746,POPC,1082,15.042730331420898,198.3861846923828,51.394290924072266
5746,cut1,5746,POPC,1083,183.7727508544922,33.229209899902344,56.720306396484375
5746,cut1,5746,POPC,1084,186.8650360107422,21.399457931518555,54.121768951416016
5746,cut1,5746,POPC,1085,108.73099517822266,183.3184814453125,41.8149299621582
5746,cut1,5746,POPC,1086,192.7323760986328,114.05656433105469,49.92013168334961
5746,cut1,5746,POPC,1087,41.483707427978516,94.60082244873047,45.55588150024414
5746,cut1,5746,POPC,1088,40.3878288269043,11.954195022583008,46.674224853515625
5746,cut1,5746,POPC,1089,138.12203979492188,162.17848205566406,45.130252838134766
5746,cut1,5746,POPC,1090,178.33570861816406,51.775875091552734,53.6228141784668
5746,cut1,5746,POPC,1091,99.26656341552734,220.01144409179688,46.670040130615234
5746,cut1,5746,POPC,1092,171.78489685058594,208.4271240234375,42.667694091796875
5746,cut1,5746,POPC,1093,26.340063095092773,194.9933319091797,47.02024459838867
5746,cut1,5746,POPC,1094,22.310049057006836,53.15324020385742,57.48646545410156
5746,cut1,5746,POPC,1095,75.57022094726562,78.16705322265625,55.88602828979492
5746,cut1,5746,POPC,1096,77.95941925048828,242.60647583007812,46.283084869384766
5746,cut1,5746,POPC,1097,156.1526336669922,18.351640701293945,53.339317321777344
5746,cut1,5746,POPC,1098,71.77509307861328,76.24187469482422,51.40269088745117
5746,cut1,5746,POPC,1099,131.48187255859375,6.705103397369386,54.93498992919922
5746,cut1,5746,POPC,1100,180.4220733642578,242.87303161621094,55.11416244506836
5746,cut1,5746,POPC,1101,186.34242248535156,95.77120208740234,51.2962646484375
5746,cut1,5746,POPC,1102,121.51689910888672,172.18283081054688,40.504417419433594
5746,cut1,5746,POPC,1103,11.980611801147461,78.9482421875,54.98113250732422
5746,cut1,5746,POPC,1104,146.8428497314453,130.92271423339844,42.9639778137207
5746,cut1,5746,POPC,1105,114.15583801269533,237.06700134277344,54.372047424316406
5746,cut1,5746,POPC,1106,61.68062973022461,173.35597229003906,44.243438720703125
5746,cut1,5746,POPC,1107,35.69149398803711,95.44767761230469,48.26374435424805
5746,cut1,5746,POPC,1108,111.6168441772461,219.77166748046875,49.98102569580078
5746,cut1,5746,POPC,1109,79.25320434570312,13.022649765014648,43.98856735229492
5746,cut1,5746,POPC,1110,-0.5135518312454224,196.95703125,52.85386276245117
5746,cut1,5746,POPC,1111,60.564998626708984,207.545654296875,45.14914321899414
5746,cut1,5746,POPC,1112,161.2386932373047,126.0037612915039,47.10914993286133
5746,cut1,5746,POPC,1113,28.238454818725586,210.68907165527344,45.765480041503906
5746,cut1,5746,POPC,1114,37.0889778137207,19.91582679748535,52.4289665222168
5746,cut1,5746,POPC,1115,177.24923706054688,119.46548461914062,49.338172912597656
5746,cut1,5746,POPC,1116,185.59234619140625,155.80027770996094,52.41429138183594
5746,cut1,5746,POPC,1117,59.56618881225586,99.552490234375,44.07362365722656
5746,cut1,5746,POPC,1118,64.19855499267578,89.3919906616211,44.42338943481445
5746,cut1,5746,POPC,1119,172.8325653076172,174.5672149658203,47.253055572509766
5746,cut1,5746,POPC,1120,95.14786529541016,241.11892700195312,50.381187438964844
5746,cut1,5746,POPC,1121,51.34244155883789,143.18287658691406,32.523529052734375
5746,cut1,5746,POPC,1122,122.50668334960938,148.5986328125,42.93413162231445
5746,cut1,5746,POPC,1123,54.91959762573242,62.5266227722168,48.36030960083008
5746,cut1,5746,POPC,1124,76.61628723144531,27.89670753479004,41.700096130371094
5746,cut1,5746,POPC,1125,108.9730224609375,172.44296264648438,37.0598030090332
5746,cut1,5746,POPC,1126,103.47372436523438,232.25738525390625,50.389122009277344
5746,cut1,5746,POPC,1127,81.04629516601562,39.69630813598633,44.19441223144531
5746,cut1,5746,POPC,1128,168.08924865722653,248.33724975585938,46.57721710205078
5746,cut1,5746,POPC,1129,18.489294052124023,20.509374618530273,54.56903076171875
5746,cut1,5746,POPC,1130,50.90827560424805,203.9314727783203,49.81468200683594
5746,cut1,5746,POPC,1131,34.90805435180664,74.71036529541016,52.18568420410156
5746,cut1,5746,POPC,1132,140.4183807373047,148.28277587890625,45.34756088256836
5746,cut1,5746,POPC,1133,184.66050720214844,68.4770736694336,55.62828445434571
5746,cut1,5746,POPC,1134,183.947021484375,122.66959381103516,51.484500885009766
5746,cut1,5746,POPC,1135,67.12106323242188,230.89202880859375,45.646366119384766
5746,cut1,5746,POPC,1136,107.15362548828125,214.8516387939453,49.073150634765625
5746,cut1,5746,POPC,1137,31.639982223510742,99.5243911743164,49.83171463012695
5746,cut1,5746,POPC,1138,63.84174728393555,180.03219604492188,43.80512619018555
5746,cut1,5746,POPC,1139,93.81266021728516,137.1831512451172,50.24381637573242
5746,cut1,5746,POPC,1140,8.068830490112305,101.33388519287108,49.469085693359375
5746,cut1,5746,POPC,1141,79.32508850097656,65.56632232666016,47.121891021728516
5746,cut1,5746,POPC,1142,178.85240173339844,107.78112030029297,50.170509338378906
5746,cut1,5746,POPC,1143,124.26622772216797,31.486940383911133,52.4229621887207
5746,cut1,5746,SAPI,1144,94.81037139892578,46.554317474365234,46.75344467163086
5746,cut1,5746,SAPI,1145,66.92439270019531,153.80545043945312,39.74262237548828
5746,cut1,5746,SAPI,1146,108.86316680908203,11.874002456665039,49.17515563964844
5746,cut1,5746,SAPI,1147,42.44650650024414,31.172685623168945,48.48122787475586
5746,cut1,5746,SAPI,1148,40.72433853149414,160.5451202392578,38.39163589477539
5746,cut1,5746,SAPI,1149,67.66502380371094,185.8052520751953,42.564937591552734
5746,cut1,5746,SAPI,1150,114.43196105957031,160.1630096435547,36.633140563964844
5746,cut1,5746,SAPI,1151,27.40778923034668,171.68299865722656,45.138397216796875
5746,cut1,5746,SAPI,1152,103.05029296875,201.5647735595703,46.780391693115234
5746,cut1,5746,SAPI,1153,101.59182739257812,79.13416290283203,46.16306686401368
5746,cut1,5746,SAPI,1154,133.00588989257812,39.1753044128418,53.03372573852539
5746,cut1,5746,SAPI,1155,133.69715881347656,148.5430450439453,43.18057632446289
5746,cut1,5746,SAPI,1156,104.4671859741211,240.93228149414062,49.2083854675293
5746,cut1,5746,SAPI,1157,150.06777954101562,64.12772369384766,46.40780258178711
5746,cut1,5746,SAPI,1158,28.670499801635742,90.49182891845703,52.68638229370117
5746,cut1,5746,SAPI,1159,161.75360107421875,218.29249572753906,40.79587936401367
5746,cut1,5746,SAPI,1160,67.71367645263672,101.33263397216798,35.22217559814453
5746,cut1,5746,SAPI,1161,1.1612681150436401,145.4349365234375,52.97872543334961
5746,cut1,5746,SAPI,1162,137.53135681152344,141.31893920898438,45.01203536987305
5746,cut1,5746,SAPI,1163,148.37548828125,85.74626159667969,53.77091979980469
5746,cut1,5746,SAPI,1164,135.6150665283203,128.86705017089844,41.55363082885742
5746,cut1,5746,SAPI,1165,146.2976837158203,99.93441772460938,45.91474533081055
5746,cut1,5746,SAPI,1166,194.50244140625,177.1339874267578,46.83895492553711
5746,cut1,5746,SAPI,1167,179.93356323242188,172.59373474121094,47.020755767822266
5746,cut1,5746,SAPI,1168,171.36293029785156,237.65252685546875,52.72600555419922
5746,cut1,5746,SAPI,1169,145.99838256835938,58.067447662353516,51.24137496948242
5746,cut1,5746,SAPI,1170,99.289794921875,198.6968994140625,41.98136901855469
5746,cut1,5746,SAPI,1171,124.7989730834961,224.42938232421875,53.80299377441406
5746,cut1,5746,SAPI,1172,106.86666870117188,166.66571044921875,34.5838623046875
5746,cut1,5746,SAPI,1173,61.36026382446289,246.69723510742188,45.37570571899414
5746,cut1,5746,SAPI,1174,80.2461166381836,89.5201644897461,48.52660369873047
5746,cut1,5746,SAPI,1175,115.88533782958984,213.26930236816406,49.304012298583984
5746,cut1,5746,SAPI,1176,162.1649627685547,243.09359741210938,49.36363983154297
5746,cut1,5746,SAPI,1177,180.96737670898438,214.81314086914062,45.36170196533203
5746,cut1,5746,SAPI,1178,73.2949447631836,172.50534057617188,40.42573547363281
5746,cut1,5746,SAPI,1179,139.90982055664062,244.14389038085938,51.115272521972656
5746,cut1,5746,SAPI,1180,131.47276306152344,158.9939422607422,42.347755432128906
5746,cut1,5746,SAPI,1181,60.66179275512695,137.16307067871094,35.276580810546875
