,System,Frame,Resname,Resnum,X,Y,Z
5166,cut2,5166,POPC,0,183.77963256835938,75.01607513427734,97.28826904296875
5166,cut2,5166,POPC,1,33.532535552978516,234.99378967285156,90.4168701171875
5166,cut2,5166,POPC,2,156.6157989501953,28.946516036987305,101.38336181640625
5166,cut2,5166,POPC,3,124.81825256347656,143.80870056152344,76.5169448852539
5166,cut2,5166,POPC,4,9.485188484191895,202.73262023925778,86.5002212524414
5166,cut2,5166,POPC,5,151.3005676269531,187.27420043945312,83.94447326660156
5166,cut2,5166,POPC,6,187.72569274902344,243.77432250976562,93.22040557861328
5166,cut2,5166,POPC,7,43.681861877441406,26.381484985351566,97.53565216064453
5166,cut2,5166,POPC,8,21.011110305786133,195.501953125,82.01243591308594
5166,cut2,5166,POPC,9,159.8286590576172,145.23348999023438,88.662109375
5166,cut2,5166,POPC,10,105.34749603271484,181.11366271972656,74.16940307617188
5166,cut2,5166,POPC,11,0.790800929069519,161.22366333007812,87.48867797851562
5166,cut2,5166,POPC,12,187.72474670410156,170.3969268798828,88.18196105957031
5166,cut2,5166,POPC,13,148.06991577148438,214.07040405273438,88.59085845947266
5166,cut2,5166,POPC,14,122.8736801147461,169.37149047851562,70.87539672851562
5166,cut2,5166,POPC,15,11.055521965026855,2.288861036300659,95.2142562866211
5166,cut2,5166,POPC,16,79.0584716796875,147.34498596191406,71.68276977539062
5166,cut2,5166,POPC,17,105.45985412597656,89.65079498291016,82.1365966796875
5166,cut2,5166,POPC,18,28.798311233520508,84.39339447021484,97.02253723144531
5166,cut2,5166,POPC,19,92.14918518066406,28.31829261779785,91.1507797241211
5166,cut2,5166,POPC,20,110.31607055664062,211.68553161621094,78.27189636230469
5166,cut2,5166,POPC,21,128.53952026367188,76.37329864501953,83.12393188476562
5166,cut2,5166,POPC,22,95.60358428955078,243.80178833007812,95.71817016601562
5166,cut2,5166,POPC,23,98.06074523925781,5.481632232666016,97.05755615234375
5166,cut2,5166,POPC,24,199.9712371826172,44.426513671875,97.05712127685547
5166,cut2,5166,POPC,25,142.47695922851562,219.95262145996094,86.5140151977539
5166,cut2,5166,POPC,26,77.29041290283203,155.3114013671875,74.63301086425781
5166,cut2,5166,POPC,27,49.58333206176758,153.6192626953125,80.55653381347656
5166,cut2,5166,POPC,28,70.87910461425781,159.51959228515625,73.79374694824219
5166,cut2,5166,POPC,29,78.40287780761719,88.01634216308594,84.26473236083984
5166,cut2,5166,POPC,30,67.86009216308594,197.5391845703125,83.34676361083984
5166,cut2,5166,POPC,31,136.2333221435547,223.7611846923828,86.72173309326172
5166,cut2,5166,POPC,32,12.22560977935791,14.09742259979248,95.75736236572266
5166,cut2,5166,POPC,33,116.38436126708984,87.17278289794922,79.77001953125
5166,cut2,5166,POPC,34,43.25666427612305,161.43028259277344,80.14933013916016
5166,cut2,5166,POPC,35,160.13644409179688,61.683650970458984,96.11858367919922
5166,cut2,5166,POPC,36,70.98392486572266,32.21328353881836,91.59538269042969
5166,cut2,5166,POPC,37,153.9530487060547,226.83529663085938,92.98992919921875
5166,cut2,5166,POPC,38,48.355796813964844,206.08230590820312,90.1968994140625
5166,cut2,5166,POPC,39,46.66544723510742,63.74238967895508,97.4703140258789
5166,cut2,5166,POPC,40,114.07060241699219,74.85767364501953,85.69277954101562
5166,cut2,5166,POPC,41,116.10980224609375,42.10536575317383,89.55021667480469
5166,cut2,5166,POPC,42,158.23683166503906,132.79591369628906,91.10960388183594
5166,cut2,5166,POPC,43,36.977760314941406,78.87520599365234,99.81629180908205
5166,cut2,5166,POPC,44,29.97576332092285,201.99005126953125,84.0647201538086
5166,cut2,5166,POPC,45,38.175662994384766,5.1690592765808105,91.89353942871094
5166,cut2,5166,POPC,46,35.772247314453125,179.09255981445312,82.07093048095703
5166,cut2,5166,POPC,47,176.7366485595703,83.85359954833984,96.5102310180664
5166,cut2,5166,POPC,48,85.81497955322266,23.469741821289062,93.49461364746094
5166,cut2,5166,POPC,49,55.146480560302734,25.843339920043945,92.37727355957031
5166,cut2,5166,POPC,50,73.20866394042969,197.6534423828125,85.4326171875
5166,cut2,5166,POPC,51,100.74411010742188,187.97842407226562,69.8062744140625
5166,cut2,5166,POPC,52,140.7418670654297,60.36194610595704,86.90950775146484
5166,cut2,5166,POPC,53,186.17808532714844,10.931676864624023,89.11904907226562
5166,cut2,5166,POPC,54,117.29078674316406,200.25421142578125,80.52806091308594
5166,cut2,5166,POPC,55,130.13870239257812,199.2938232421875,82.2701644897461
5166,cut2,5166,POPC,56,39.92463302612305,61.38361740112305,93.80705261230469
5166,cut2,5166,POPC,57,5.656384468078613,192.88430786132812,87.34901428222656
5166,cut2,5166,POPC,58,13.959412574768066,145.3639373779297,86.54149627685547
5166,cut2,5166,POPC,59,189.07269287109375,183.61688232421875,85.83191680908203
5166,cut2,5166,POPC,60,138.08029174804688,188.7445526123047,82.94700622558594
5166,cut2,5166,POPC,61,12.775073051452637,208.12242126464844,85.30789184570312
5166,cut2,5166,POPC,62,82.8597183227539,69.90538787841797,90.35774230957031
5166,cut2,5166,POPC,63,193.13465881347656,6.391287326812744,92.2690200805664
5166,cut2,5166,POPC,64,106.33074188232422,151.02069091796875,65.1191177368164
5166,cut2,5166,POPC,65,40.69835662841797,68.12787628173828,99.1718978881836
5166,cut2,5166,POPC,66,13.645716667175293,224.98670959472656,89.94657897949219
5166,cut2,5166,POPC,67,4.139250755310059,168.55615234375003,88.47158813476562
5166,cut2,5166,POPC,68,104.29218292236327,191.89451599121094,72.43218994140625
5166,cut2,5166,POPC,69,107.34037017822266,72.57648468017578,88.1866455078125
5166,cut2,5166,POPC,70,103.48599243164062,199.854248046875,48.443973541259766
5166,cut2,5166,POPC,71,157.0441131591797,95.19697570800781,93.67112731933594
5166,cut2,5166,POPC,72,164.2167205810547,112.99407958984375,97.55741119384766
5166,cut2,5166,POPC,73,198.2363739013672,130.75845336914062,85.30702209472656
5166,cut2,5166,POPC,74,133.29356384277344,213.33935546875,87.44004821777344
5166,cut2,5166,POPC,75,48.80591583251953,142.17538452148438,77.23983001708984
5166,cut2,5166,POPC,76,152.8422088623047,172.36810302734375,82.453369140625
5166,cut2,5166,POPC,77,131.99249267578125,-6.227238655090332,93.20933532714842
5166,cut2,5166,POPC,78,166.84402465820312,151.9354248046875,93.29886627197266
5166,cut2,5166,POPC,79,18.689035415649414,81.81581115722656,60.371212005615234
5166,cut2,5166,POPC,80,58.26994323730469,15.42138957977295,98.25519561767578
5166,cut2,5166,POPC,81,55.003944396972656,189.67071533203125,82.38926696777344
5166,cut2,5166,POPC,82,191.8632354736328,46.32706069946289,97.83592987060547
5166,cut2,5166,POPC,83,31.869380950927734,215.9792938232422,89.00900268554688
5166,cut2,5166,POPC,84,77.08062744140625,139.44493103027344,71.98101806640625
5166,cut2,5166,POPC,85,99.78396606445311,79.89411926269531,87.31004333496094
5166,cut2,5166,POPC,86,44.29228210449219,108.7288589477539,86.05961608886719
5166,cut2,5166,POPC,87,22.39474105834961,50.34202194213867,96.71630096435547
5166,cut2,5166,POPC,88,146.6328125,202.0670166015625,85.35877990722656
5166,cut2,5166,POPC,89,182.25125122070312,2.118242025375366,93.72679138183594
5166,cut2,5166,POPC,90,19.81229019165039,28.73314666748047,99.52035522460938
5166,cut2,5166,POPC,91,108.51979064941406,157.99124145507812,62.665653228759766
5166,cut2,5166,POPC,92,164.3914337158203,6.053287982940674,97.46907806396484
5166,cut2,5166,POPC,93,192.0804901123047,19.212961196899414,96.04684448242188
5166,cut2,5166,POPC,94,132.97122192382812,176.73509216308594,77.40044403076172
5166,cut2,5166,POPC,95,142.2576904296875,117.47888946533203,82.4061279296875
5166,cut2,5166,POPC,96,106.44963836669922,127.58599853515625,49.139671325683594
5166,cut2,5166,POPC,97,52.566619873046875,103.1038589477539,86.48475646972656
5166,cut2,5166,POPC,98,95.1556625366211,34.456188201904304,93.92272186279297
5166,cut2,5166,POPC,99,10.643237113952637,69.54714965820312,98.82687377929688
5166,cut2,5166,POPC,100,14.34321117401123,50.16409683227539,99.57476043701172
5166,cut2,5166,POPC,101,110.61766052246094,142.59181213378906,77.61116790771484
5166,cut2,5166,POPC,102,121.82968139648438,189.06671142578125,76.00969696044922
5166,cut2,5166,POPC,103,74.74992370605469,52.842288970947266,94.09231567382812
5166,cut2,5166,POPC,104,174.7717742919922,232.50350952148438,93.02989196777344
5166,cut2,5166,POPC,105,30.501420974731445,91.18749237060547,96.17991638183594
5166,cut2,5166,POPC,106,125.85242462158203,194.2376251220703,79.23439025878906
5166,cut2,5166,POPC,107,100.3493881225586,38.27547836303711,91.84232330322266
5166,cut2,5166,POPC,108,128.09278869628906,47.267398834228516,89.48893737792969
5166,cut2,5166,POPC,109,145.19793701171875,25.867677688598633,99.19584655761719
5166,cut2,5166,POPC,110,29.534069061279297,239.62815856933594,90.99285125732422
5166,cut2,5166,POPC,111,122.96443176269531,102.35691833496094,80.90440368652344
5166,cut2,5166,POPC,112,56.08938980102539,70.6140365600586,95.61589813232422
5166,cut2,5166,POPC,113,115.26162719726562,12.182798385620117,94.82940673828125
5166,cut2,5166,POPC,114,45.20440673828125,8.973484992980957,93.24879455566406
5166,cut2,5166,POPC,115,196.3900604248047,37.453914642333984,99.3169937133789
5166,cut2,5166,POPC,116,119.8736801147461,93.0569839477539,77.07914733886719
5166,cut2,5166,POPC,117,107.4105453491211,204.77244567871094,79.19490051269531
5166,cut2,5166,POPC,118,191.2862091064453,70.40695190429688,97.66644287109375
5166,cut2,5166,POPC,119,77.86799621582031,74.17292785644531,91.7488784790039
5166,cut2,5166,POPC,120,150.4613342285156,221.15342712402344,90.87570190429688
5166,cut2,5166,POPC,121,6.431178092956543,225.20861816406247,88.42694854736328
5166,cut2,5166,POPC,122,79.38175201416016,60.38813781738281,92.6490249633789
5166,cut2,5166,POPC,123,142.8743896484375,184.92459106445312,81.81593322753906
5166,cut2,5166,POPC,124,131.14224243164062,145.08819580078125,77.06373596191406
5166,cut2,5166,POPC,125,58.1213264465332,5.008544921875,91.02954864501953
5166,cut2,5166,POPC,126,70.98554229736328,39.25748825073242,92.02737426757812
5166,cut2,5166,POPC,127,39.60022735595703,143.1810302734375,76.9739761352539
5166,cut2,5166,POPC,128,142.90597534179688,154.9186248779297,85.17189025878906
5166,cut2,5166,POPC,129,16.075258255004883,187.29476928710938,83.91126251220703
5166,cut2,5166,POPC,130,40.5916633605957,230.0220489501953,48.262153625488274
5166,cut2,5166,POPC,131,100.12749481201172,139.83229064941406,44.27790832519531
5166,cut2,5166,POPC,132,76.35836791992188,221.8327178955078,90.84062957763672
5166,cut2,5166,POPC,133,8.123152732849121,17.15581703186035,93.30170440673828
5166,cut2,5166,POPC,134,13.945136070251463,36.865089416503906,97.28312683105469
5166,cut2,5166,POPC,135,134.9949493408203,197.01744079589844,83.16825866699219
5166,cut2,5166,POPC,136,63.22966766357422,60.386775970458984,98.42163848876953
5166,cut2,5166,POPC,137,54.926029205322266,52.51913833618164,98.35445404052734
5166,cut2,5166,POPC,138,196.61021423339844,170.64456176757812,88.1214599609375
5166,cut2,5166,POPC,139,177.05081176757812,176.4929962158203,89.30994415283203
5166,cut2,5166,POPC,140,191.93357849121094,86.82231903076172,97.51087951660156
5166,cut2,5166,POPC,141,193.53536987304688,54.88283157348633,96.2326431274414
5166,cut2,5166,POPC,142,33.38762283325195,140.34242248535156,75.18887329101562
5166,cut2,5166,POPC,143,181.40692138671875,202.561767578125,95.36707305908203
5166,cut2,5166,POPC,144,125.4354019165039,122.29161834716797,83.8138427734375
5166,cut2,5166,POPC,145,0.38477030396461487,109.53031921386719,101.22699737548828
5166,cut2,5166,POPC,146,103.02930450439453,51.79826354980469,89.03237915039062
5166,cut2,5166,POPC,147,170.76052856445312,98.51850128173828,96.69869995117188
5166,cut2,5166,POPC,148,14.624327659606934,21.573165893554688,95.01932525634766
5166,cut2,5166,POPC,149,33.450042724609375,224.2100830078125,89.72711181640625
5166,cut2,5166,POPC,150,138.83985900878903,73.89234924316406,78.37240600585938
5166,cut2,5166,POPC,151,0.33514490723609924,62.666358947753906,97.4501953125
5166,cut2,5166,POPC,152,184.61001586914062,27.82985496520996,100.20875549316406
5166,cut2,5166,POPC,153,165.1404266357422,103.72140502929688,92.79931640625
5166,cut2,5166,POPC,154,165.12796020507812,167.5988616943359,85.67109680175781
5166,cut2,5166,POPC,155,34.97639465332031,171.8998260498047,82.36300659179688
5166,cut2,5166,POPC,156,18.230602264404297,98.35507202148438,95.4804916381836
5166,cut2,5166,POPC,157,68.39611053466797,97.59044647216797,86.39833068847656
5166,cut2,5166,POPC,158,8.828333854675293,30.247928619384766,101.92543029785156
5166,cut2,5166,POPC,159,39.663516998291016,133.56211853027344,76.22550964355469
5166,cut2,5166,POPC,160,187.454345703125,82.92923736572266,98.2000961303711
5166,cut2,5166,POPC,161,19.119909286499023,207.41171264648438,85.1989974975586
5166,cut2,5166,POPC,162,107.10607147216797,104.63372802734375,74.35252380371094
5166,cut2,5166,POPC,163,56.30613327026367,130.382568359375,71.8430404663086
5166,cut2,5166,POPC,164,125.10333251953125,3.5865397453308105,93.20685577392578
5166,cut2,5166,POPC,165,40.69554138183594,168.1243133544922,80.61376953125
5166,cut2,5166,POPC,166,166.8789520263672,56.458934783935554,94.8702621459961
5166,cut2,5166,POPC,167,165.47268676757812,12.335521697998047,99.0920181274414
5166,cut2,5166,POPC,168,24.85684776306152,165.88882446289062,85.7478256225586
5166,cut2,5166,POPC,169,34.535099029541016,153.78956604003906,78.28044891357422
5166,cut2,5166,POPC,170,50.74631881713867,2.9728381633758545,93.0718994140625
5166,cut2,5166,POPC,171,148.3256072998047,122.06190490722656,89.56831359863281
5166,cut2,5166,POPC,172,50.621299743652344,58.24995803833008,96.12312316894531
5166,cut2,5166,POPC,173,70.64329528808595,79.12260437011719,93.41144561767578
5166,cut2,5166,POPC,174,194.75982666015625,136.3763427734375,90.51187896728516
5166,cut2,5166,POPC,175,145.55584716796875,178.04754638671875,84.77525329589844
5166,cut2,5166,POPC,176,26.8240909576416,78.17449951171875,98.85055541992188
5166,cut2,5166,POPC,177,124.65108489990234,80.95348358154297,82.14442443847656
5166,cut2,5166,POPC,178,107.09599304199219,40.588714599609375,88.50294494628906
5166,cut2,5166,POPC,179,190.07102966308594,216.40589904785156,89.21065521240234
5166,cut2,5166,POPC,180,51.18143081665039,223.929931640625,90.7357177734375
5166,cut2,5166,POPC,181,97.99390411376953,70.06184387207031,90.67313385009766
5166,cut2,5166,POPC,182,74.17185974121094,94.4732437133789,85.46232604980469
5166,cut2,5166,POPC,183,161.36529541015625,119.72126007080078,98.37472534179688
5166,cut2,5166,POPC,184,128.147705078125,56.24454879760742,89.58541870117188
5166,cut2,5166,POPC,185,2.11470890045166,98.04087829589844,98.21842956542969
5166,cut2,5166,POPC,186,100.4952163696289,133.75131225585938,78.96092987060547
5166,cut2,5166,POPC,187,176.31301879882812,205.2463836669922,92.90813446044922
5166,cut2,5166,POPC,188,65.17961120605469,48.05866241455078,97.63439178466797
5166,cut2,5166,POPC,189,132.9108428955078,69.64094543457031,83.97908020019531
5166,cut2,5166,POPC,190,4.3586320877075195,175.748779296875,87.94547271728516
5166,cut2,5166,POPC,191,128.05792236328125,85.9764404296875,79.93952178955078
5166,cut2,5166,POPC,192,53.18882369995117,222.1041259765625,48.39720916748047
5166,cut2,5166,POPC,193,174.53659057617188,108.48477172851562,97.2518539428711
5166,cut2,5166,POPC,194,192.33441162109375,236.47378540039062,89.904052734375
5166,cut2,5166,POPC,195,41.980796813964844,196.82327270507812,88.38265228271484
5166,cut2,5166,POPC,196,50.68122100830078,94.36670684814453,92.3299789428711
5166,cut2,5166,POPC,197,175.43588256835938,74.54707336425781,98.4188232421875
5166,cut2,5166,POPC,198,26.8343563079834,191.8944091796875,84.26713562011719
5166,cut2,5166,POPC,199,74.42241668701172,68.12679290771484,91.2126693725586
5166,cut2,5166,POPC,200,26.176973342895508,221.78724670410156,88.86858367919922
5166,cut2,5166,POPC,201,96.29969024658203,46.93231201171875,86.14196014404297
5166,cut2,5166,POPC,202,165.64529418945312,12.651093482971191,58.71518325805664
5166,cut2,5166,POPC,203,98.76585388183594,85.32870483398438,81.20735168457031
5166,cut2,5166,POPC,204,116.82778930664062,184.7305450439453,74.6135482788086
5166,cut2,5166,POPC,205,186.33763122558594,231.18850708007812,88.76429748535156
5166,cut2,5166,POPC,206,174.37911987304688,3.5720009803771973,97.33377075195312
5166,cut2,5166,POPC,207,161.02291870117188,172.00169372558594,84.33504486083984
5166,cut2,5166,POPC,208,173.0643768310547,220.40850830078125,89.6299819946289
5166,cut2,5166,POPC,209,59.63677978515625,20.747753143310547,96.77534484863281
5166,cut2,5166,POPC,210,76.28190612792969,214.4044952392578,86.15179443359375
5166,cut2,5166,POPC,211,194.7377471923828,106.30408477783203,99.7535629272461
5166,cut2,5166,POPC,212,128.13763427734375,172.0330505371094,72.76222229003906
5166,cut2,5166,POPC,213,187.74658203125,50.19590377807617,95.82304382324219
5166,cut2,5166,POPC,214,193.54165649414062,162.0800018310547,86.4524917602539
5166,cut2,5166,POPC,215,92.54965209960938,12.700319290161133,94.56409454345703
5166,cut2,5166,POPC,216,152.74949645996094,24.675771713256836,103.69023132324219
5166,cut2,5166,POPC,217,33.89918899536133,82.02980041503906,95.84027099609375
5166,cut2,5166,POPC,218,131.65013122558594,125.50534057617188,81.4332275390625
5166,cut2,5166,POPC,219,91.3466796875,22.26898193359375,95.12307739257812
5166,cut2,5166,POPC,220,99.68758392333984,27.15927505493164,93.5621566772461
5166,cut2,5166,POPC,221,139.7987060546875,133.36514282226562,86.22747039794922
5166,cut2,5166,POPC,222,59.24068069458008,92.27106475830078,90.27078247070312
5166,cut2,5166,POPC,223,95.06360626220703,120.9604263305664,82.5753402709961
5166,cut2,5166,POPC,224,187.1153106689453,66.27916717529297,98.93318939208986
5166,cut2,5166,POPC,225,199.92669677734375,204.8571319580078,87.3601303100586
5166,cut2,5166,POPC,226,183.4125213623047,172.98089599609375,89.78585815429688
5166,cut2,5166,POPC,227,12.619114875793457,129.2202911376953,80.8757095336914
5166,cut2,5166,POPC,228,183.17330932617188,43.31770706176758,102.07842254638672
5166,cut2,5166,POPC,229,80.81026458740234,106.60608673095703,79.58908081054688
5166,cut2,5166,POPC,230,179.08383178710938,160.35113525390625,86.86395263671875
5166,cut2,5166,POPC,231,181.0706024169922,96.80414581298828,98.0992202758789
5166,cut2,5166,POPC,232,154.03024291992188,199.1659393310547,49.37486267089844
5166,cut2,5166,POPC,233,171.43714904785156,160.19354248046875,90.71604919433594
5166,cut2,5166,POPC,234,39.48176193237305,213.7434539794922,89.86092376708984
5166,cut2,5166,POPC,235,199.08993530273438,227.1640625,89.29971313476562
5166,cut2,5166,POPC,236,88.51177215576172,62.70062255859375,86.24694061279297
5166,cut2,5166,POPC,237,153.40176391601562,141.06790161132812,88.0652847290039
5166,cut2,5166,POPC,238,66.7694091796875,88.82726287841797,94.31037902832031
5166,cut2,5166,POPC,239,59.149688720703125,163.75094604492188,77.49588012695312
5166,cut2,5166,POPC,240,35.08157730102539,161.5708770751953,79.50100708007812
5166,cut2,5166,POPC,241,175.28994750976562,16.610349655151367,100.52989196777344
5166,cut2,5166,POPC,242,55.44596481323242,84.86271667480469,93.53905487060547
5166,cut2,5166,POPC,243,123.86490631103516,88.70306396484375,77.42306518554686
5166,cut2,5166,POPC,244,84.29249572753906,148.63211059570312,69.7569580078125
5166,cut2,5166,POPC,245,6.48702335357666,180.70628356933594,87.16852569580078
5166,cut2,5166,POPC,246,93.41958618164062,92.44483947753906,83.10090637207031
5166,cut2,5166,POPC,247,86.12052917480469,240.76910400390625,52.740318298339844
5166,cut2,5166,POPC,248,15.501762390136719,71.33594512939453,95.74385070800781
5166,cut2,5166,POPC,249,56.680206298828125,44.156898498535156,98.43131256103516
5166,cut2,5166,POPC,250,4.977648735046387,51.04738235473633,96.19630432128906
5166,cut2,5166,POPC,251,134.16937255859375,48.68803787231445,90.58457946777344
5166,cut2,5166,POPC,252,141.9027557373047,102.67140197753906,73.6141357421875
5166,cut2,5166,POPC,253,181.82460021972656,89.68646240234374,99.13152313232422
5166,cut2,5166,POPC,254,21.464763641357422,125.9388427734375,76.90277862548828
5166,cut2,5166,POPC,255,40.49019241333008,232.18702697753906,91.78649139404297
5166,cut2,5166,POPC,256,151.2058563232422,147.32115173339844,88.42221069335938
5166,cut2,5166,POPC,257,84.40266418457031,94.16353607177734,85.56694793701172
5166,cut2,5166,POPC,258,52.80563735961914,199.75331115722656,85.60836791992188
5166,cut2,5166,POPC,259,51.422332763671875,134.9593505859375,74.78650665283203
5166,cut2,5166,POPC,260,31.9588565826416,73.78546142578125,98.62862396240234
5166,cut2,5166,POPC,261,87.20491790771484,38.480682373046875,88.53276824951172
5166,cut2,5166,POPC,262,61.758033752441406,103.61666870117188,84.96895599365234
5166,cut2,5166,POPC,263,95.35356140136719,63.53750991821289,89.94970703125
5166,cut2,5166,POPC,264,101.26626586914062,103.73130798339844,76.24137115478516
5166,cut2,5166,POPC,265,51.015071868896484,37.09710693359375,95.11499786376953
5166,cut2,5166,POPC,266,171.6326446533203,119.06327819824219,97.09664154052734
5166,cut2,5166,POPC,267,66.21654510498047,221.30531311035156,92.34996795654297
5166,cut2,5166,POPC,268,131.39891052246094,158.11669921875,71.70124816894531
5166,cut2,5166,POPC,269,105.71967315673828,170.6053924560547,67.01290893554688
5166,cut2,5166,POPC,270,138.9500885009766,22.332899093627933,101.06475830078125
5166,cut2,5166,POPC,271,22.24213409423828,146.97463989257812,85.29421997070312
5166,cut2,5166,POPC,272,0.23950470983982086,149.914794921875,83.1748275756836
5166,cut2,5166,POPC,273,1.6861389875411987,77.95365142822266,98.06855010986328
5166,cut2,5166,POPC,274,39.78522491455078,44.1201057434082,95.17453002929688
5166,cut2,5166,POPC,275,145.01988220214844,137.96875,84.27586364746094
5166,cut2,5166,POPC,276,163.37049865722656,139.15892028808594,54.334842681884766
5166,cut2,5166,POPC,277,79.57322692871094,231.3574676513672,92.86872100830078
5166,cut2,5166,POPC,278,112.96785736083984,105.99114990234375,80.93726348876953
5166,cut2,5166,POPC,279,146.3068084716797,7.247682571411133,100.67565155029298
5166,cut2,5166,POPC,280,188.42919921875,223.0539093017578,88.498291015625
5166,cut2,5166,POPC,281,39.992435455322266,184.62277221679688,84.14073181152344
5166,cut2,5166,POPC,282,99.72428131103516,197.45596313476562,74.29232788085938
5166,cut2,5166,POPC,283,84.3650131225586,86.64222717285156,83.0968017578125
5166,cut2,5166,POPC,284,14.919135093688965,181.58290100097656,86.74153137207031
5166,cut2,5166,POPC,285,108.32266998291016,164.2227783203125,62.86860275268555
5166,cut2,5166,POPC,286,180.34434509277344,181.28895568847656,87.09418487548828
5166,cut2,5166,POPC,287,64.17914581298828,152.69601440429688,76.11492919921875
5166,cut2,5166,POPC,288,70.57205963134766,10.32136344909668,91.61093139648438
5166,cut2,5166,POPC,289,19.274900436401367,236.59228515625,90.96765899658203
5166,cut2,5166,POPC,290,132.59576416015625,186.9669952392578,81.9165267944336
5166,cut2,5166,POPC,291,28.40681266784668,42.480037689208984,97.96195983886719
5166,cut2,5166,POPC,292,166.8828125,146.4133758544922,91.74478149414062
5166,cut2,5166,POPC,293,17.273775100708008,150.30523681640625,85.73287200927734
5166,cut2,5166,POPC,294,49.036888122558594,237.06620788574222,93.2972412109375
5166,cut2,5166,POPC,295,123.02761840820312,225.59486389160156,81.44466400146484
5166,cut2,5166,POPC,296,140.4569549560547,82.09510803222656,51.792232513427734
5166,cut2,5166,POPC,297,48.99956512451172,83.76387786865234,95.30635070800781
5166,cut2,5166,POPC,298,10.050538063049316,40.717185974121094,99.25236511230469
5166,cut2,5166,POPC,299,184.8821258544922,150.2291259765625,90.18834686279297
5166,cut2,5166,POPC,300,44.905372619628906,71.50385284423828,97.36469268798828
5166,cut2,5166,POPC,301,11.089205741882324,78.96180725097656,95.78468322753906
5166,cut2,5166,POPC,302,70.78998565673828,232.13259887695312,91.48991394042969
5166,cut2,5166,POPC,303,111.00859832763672,84.01496887207031,81.725830078125
5166,cut2,5166,POPC,304,164.74029541015625,203.2530975341797,90.59480285644531
5166,cut2,5166,POPC,305,83.7980728149414,237.41165161132812,95.20721435546875
5166,cut2,5166,POPC,306,30.521469116210938,165.846923828125,81.81900024414062
5166,cut2,5166,POPC,307,102.0170669555664,96.7409439086914,80.85633850097656
5166,cut2,5166,POPC,308,123.17301940917969,61.53249740600586,91.22498321533203
5166,cut2,5166,POPC,309,116.51191711425781,62.604148864746094,88.99105072021484
5166,cut2,5166,POPC,310,106.16999816894531,33.05533981323242,93.20043182373047
5166,cut2,5166,POPC,311,27.882827758789062,141.2464599609375,80.09881591796875
5166,cut2,5166,POPC,312,66.83019256591797,22.131940841674805,92.20478820800781
5166,cut2,5166,POPC,313,181.3751678466797,56.13208770751953,98.77908325195312
5166,cut2,5166,POPC,314,167.42013549804688,139.52452087402344,87.28522491455078
5166,cut2,5166,POPC,315,73.36753845214844,61.6214485168457,93.83654022216797
5166,cut2,5166,POPC,316,173.503173828125,213.2626495361328,90.61834716796875
5166,cut2,5166,POPC,317,126.07411193847656,214.30596923828125,84.755126953125
5166,cut2,5166,POPC,318,49.16197204589844,27.699960708618164,96.76358032226564
5166,cut2,5166,POPC,319,77.81854248046875,193.1977081298828,80.95936584472656
5166,cut2,5166,POPC,320,81.51804351806642,5.49197244644165,94.17676544189453
5166,cut2,5166,POPC,321,101.25503540039062,109.26607513427734,80.61283874511719
5166,cut2,5166,POPC,322,74.65382385253906,1.3516924381256104,93.79005432128906
5166,cut2,5166,POPC,323,50.862342834472656,42.48085021972656,94.5444564819336
5166,cut2,5166,POPC,324,70.1301498413086,57.51291275024414,96.22386169433594
5166,cut2,5166,POPC,325,2.12894344329834,233.2246551513672,90.48857879638672
5166,cut2,5166,POPC,326,155.8996124267578,242.68482971191406,96.94982147216797
5166,cut2,5166,POPC,327,89.91170501708984,55.217166900634766,89.1783447265625
5166,cut2,5166,POPC,328,101.44313049316406,117.5582275390625,80.1962890625
5166,cut2,5166,POPC,329,31.282686233520508,11.449138641357422,94.13330841064453
5166,cut2,5166,POPC,330,68.57499694824219,214.89134216308594,88.65145111083984
5166,cut2,5166,POPC,331,25.899009704589844,215.1420135498047,87.56785583496094
5166,cut2,5166,POPC,332,144.61383056640625,144.59628295898438,86.35955810546875
5166,cut2,5166,POPC,333,138.18658447265625,3.2652316093444824,96.12482452392578
5166,cut2,5166,POPC,334,109.52027130126953,195.8299102783203,78.63469696044922
5166,cut2,5166,POPC,335,160.30517578125,214.4427490234375,88.31040954589842
5166,cut2,5166,POPC,336,18.50712776184082,87.39959716796875,95.75425720214844
5166,cut2,5166,POPC,337,68.25881958007812,125.39839172363281,73.82982635498047
5166,cut2,5166,POPC,338,0.27607622742652893,220.4867706298828,88.166259765625
5166,cut2,5166,POPC,339,147.7742462158203,194.22557067871094,83.80919647216797
5166,cut2,5166,POPC,340,49.3758659362793,51.760162353515625,95.50218200683594
5166,cut2,5166,POPC,341,1.8673161268234253,2.14206862449646,92.9829330444336
5166,cut2,5166,POPC,342,171.10997009277344,196.65037536621094,86.29214477539062
5166,cut2,5166,POPC,343,159.35781860351562,163.6005859375,87.76467895507812
5166,cut2,5166,POPC,344,192.57455444335938,32.75704574584961,98.44926452636719
5166,cut2,5166,POPC,345,140.75125122070312,88.30318450927734,79.83024597167969
5166,cut2,5166,POPC,346,169.59017944335938,133.7751922607422,98.09729766845703
5166,cut2,5166,POPC,347,157.5465087890625,222.57723999023438,51.397430419921875
5166,cut2,5166,POPC,348,107.43879699707031,97.3887939453125,77.22480773925781
5166,cut2,5166,POPC,349,175.90725708007812,241.47616577148438,96.1009521484375
5166,cut2,5166,POPC,350,197.26377868652344,15.990467071533203,92.28589630126953
5166,cut2,5166,POPC,351,43.686683654785156,174.65518188476562,80.1423110961914
5166,cut2,5166,POPC,352,139.5089569091797,8.874298095703125,97.76190948486328
5166,cut2,5166,POPC,353,172.25650024414062,188.49948120117188,86.58340454101562
5166,cut2,5166,POPC,354,48.219024658203125,21.534866333007812,91.82771301269531
5166,cut2,5166,POPC,355,76.92560577392578,172.6761016845703,76.49006652832031
5166,cut2,5166,POPC,356,118.22087097167969,18.067697525024414,93.91268920898438
5166,cut2,5166,POPC,357,140.7842254638672,199.79000854492188,82.21841430664062
5166,cut2,5166,POPC,358,159.7112274169922,125.20538330078125,94.04683685302734
5166,cut2,5166,POPC,359,116.20709991455078,219.6383819580078,80.98122406005858
5166,cut2,5166,POPC,360,117.72396850585938,148.41319274902344,70.11959075927734
5166,cut2,5166,POPC,361,35.58462905883789,45.440101623535156,99.08470153808594
5166,cut2,5166,POPC,362,137.90533447265625,150.4039764404297,79.92373657226562
5166,cut2,5166,POPC,363,44.556453704833984,132.22657775878906,70.52897644042969
5166,cut2,5166,POPC,364,70.54049682617186,107.42127227783203,80.49517059326172
5166,cut2,5166,POPC,365,146.8519744873047,114.08499908447266,88.40975952148438
5166,cut2,5166,POPC,366,175.96096801757812,92.79987335205078,94.18807983398438
5166,cut2,5166,POPC,367,169.83740234375,61.033203125,99.27565765380858
5166,cut2,5166,POPC,368,170.7454376220703,89.19157409667969,97.83567810058594
5166,cut2,5166,POPC,369,80.65699005126953,202.70144653320312,86.26421356201172
5166,cut2,5166,POPC,370,20.04267120361328,212.28126525878906,87.54813385009766
5166,cut2,5166,POPC,371,49.651878356933594,180.39266967773438,82.7703857421875
5166,cut2,5166,POPC,372,14.205470085144043,231.65280151367188,91.11880493164062
5166,cut2,5166,POPC,373,198.4326934814453,82.89100646972656,99.65770721435547
5166,cut2,5166,POPC,374,190.77378845214844,62.021541595458984,98.3822250366211
5166,cut2,5166,POPC,375,84.2721939086914,31.333534240722656,89.12970733642578
5166,cut2,5166,POPC,376,64.24253845214844,74.72123718261719,93.51789093017578
5166,cut2,5166,POPC,377,147.9281005859375,134.06143188476562,89.25682067871094
5166,cut2,5166,POPC,378,43.19880676269531,96.91456604003906,93.53221893310547
5166,cut2,5166,POPC,379,34.63412857055664,20.491825103759766,97.60867309570312
5166,cut2,5166,POPC,380,62.392513275146484,34.084571838378906,91.90137481689453
5166,cut2,5166,POPC,381,78.68840026855469,128.62451171875,68.27460479736328
5166,cut2,5166,POPC,382,43.17759323120117,1.0073697566986084,90.23201751708984
5166,cut2,5166,POPC,383,83.88325500488283,157.7283935546875,72.18629455566406
5166,cut2,5166,POPC,384,180.87091064453125,186.33570861816406,90.04273986816406
5166,cut2,5166,POPC,385,82.77763366699219,77.53009796142578,89.24014282226561
5166,cut2,5166,POPC,386,60.9627685546875,68.02069091796876,94.34664916992188
5166,cut2,5166,POPC,387,65.55147552490234,137.55197143554688,74.97659301757812
5166,cut2,5166,POPC,388,69.33436584472656,-3.006740093231201,91.03540802001953
5166,cut2,5166,POPC,389,161.55252075195312,22.697254180908203,100.2689208984375
5166,cut2,5166,POPC,390,169.96151733398438,228.09193420410156,93.37841796875
5166,cut2,5166,POPC,391,94.7557144165039,141.42254638671875,72.26949310302734
5166,cut2,5166,POPC,392,123.26251983642578,201.19891357421872,82.02428436279297
5166,cut2,5166,POPC,393,46.047828674316406,216.76930236816406,93.68780517578125
5166,cut2,5166,POPC,394,176.7632293701172,116.05690002441406,61.856815338134766
5166,cut2,5166,POPC,395,73.12898254394531,182.19750976562503,75.2376708984375
5166,cut2,5166,POPC,396,118.37698364257812,177.23521423339844,74.505859375
5166,cut2,5166,POPC,397,38.696617126464844,205.34759521484372,89.68064117431642
5166,cut2,5166,POPC,398,76.75704193115234,27.71491050720215,90.66170501708984
5166,cut2,5166,POPC,399,133.9600830078125,139.40492248535156,79.21116638183594
5166,cut2,5166,POPC,400,86.31773376464844,-0.21873120963573456,97.09521484375
5166,cut2,5166,POPC,401,185.1156768798828,212.12965393066406,89.5024185180664
5166,cut2,5166,POPC,402,127.24266052246094,136.57177734375,80.56900024414062
5166,cut2,5166,POPC,403,26.97190284729004,208.9857940673828,86.22870635986328
5166,cut2,5166,POPC,404,194.3888702392578,205.05548095703125,92.56181335449219
5166,cut2,5166,POPC,405,44.204490661621094,125.1324234008789,67.739501953125
5166,cut2,5166,POPC,406,39.635318756103516,125.1135025024414,73.0464553833008
5166,cut2,5166,POPC,407,92.49713134765625,230.68035888671875,92.58836364746094
5166,cut2,5166,POPC,408,165.23077392578125,76.99243927001953,97.20023345947266
5166,cut2,5166,POPC,409,150.51414489746097,232.41221618652344,92.88589477539062
5166,cut2,5166,POPC,410,96.10431671142578,53.82279586791992,85.96234130859375
5166,cut2,5166,POPC,411,77.96137237548828,39.71055603027343,91.1065902709961
5166,cut2,5166,POPC,412,79.94362640380858,100.7679214477539,85.50019836425781
5166,cut2,5166,POPC,413,56.437583923339844,204.152587890625,88.96788787841797
5166,cut2,5166,POPC,414,146.0222930908203,19.22768592834473,103.08599090576172
5166,cut2,5166,POPC,415,18.207374572753906,40.606590270996094,96.63650512695312
5166,cut2,5166,POPC,416,6.674990653991699,163.34669494628906,87.70579528808594
5166,cut2,5166,POPC,417,191.80776977539062,189.15121459960938,87.35292053222655
5166,cut2,5166,POPC,418,24.915437698364258,59.22658157348633,92.31999969482422
5166,cut2,5166,POPC,419,95.1844482421875,109.19908905029297,81.86859893798828
5166,cut2,5166,POPC,420,61.83837127685547,82.5564193725586,96.15670776367188
5166,cut2,5166,POPC,421,22.20368003845215,45.43325424194336,98.21407318115234
5166,cut2,5166,POPC,422,12.192421913146973,171.4027099609375,86.175537109375
5166,cut2,5166,POPC,423,37.02915954589844,241.3589630126953,90.33431243896484
5166,cut2,5166,POPC,424,162.61398315429688,156.34228515625,92.60173797607422
5166,cut2,5166,POPC,425,123.4830551147461,160.42767333984375,66.87642669677734
5166,cut2,5166,POPC,426,29.469438552856445,1.135488748550415,91.5536880493164
5166,cut2,5166,POPC,427,112.01153564453125,93.03498840332031,76.38189697265625
5166,cut2,5166,POPC,428,143.37896728515625,210.1409149169922,88.74890136718751
5166,cut2,5166,POPC,429,36.74522399902344,32.79756164550781,95.3951416015625
5166,cut2,5166,POPC,430,167.23846435546875,68.88732147216797,97.92996215820312
5166,cut2,5166,POPC,431,132.4198455810547,60.916011810302734,88.19226837158203
5166,cut2,5166,POPC,432,188.8997802734375,35.4630126953125,102.66881561279297
5166,cut2,5166,POPC,433,178.3473663330078,15.164300918579102,94.60759735107422
5166,cut2,5166,POPC,434,45.29127883911133,191.10264587402344,85.4081039428711
5166,cut2,5166,POPC,435,24.873214721679688,229.53250122070312,89.22049713134766
5166,cut2,5166,POPC,436,101.793701171875,228.45590209960938,90.90847778320312
5166,cut2,5166,POPC,437,119.8345718383789,139.49105834960938,76.01203155517578
5166,cut2,5166,POPC,438,148.86241149902344,164.37574768066406,82.3272476196289
5166,cut2,5166,POPC,439,91.58094024658203,237.82046508789062,94.48590850830078
5166,cut2,5166,POPC,440,36.343196868896484,191.17347717285156,83.64893341064453
5166,cut2,5166,POPC,441,128.7930908203125,131.0966033935547,81.58161163330078
5166,cut2,5166,POPC,442,44.51971435546875,150.6153106689453,77.06285858154297
5166,cut2,5166,POPC,443,52.10980987548828,73.81731414794922,92.9467544555664
5166,cut2,5166,POPC,444,0.020817652344703674,29.337284088134766,99.83296966552734
5166,cut2,5166,POPC,445,132.79959106445312,82.39600372314453,81.27698516845703
5166,cut2,5166,POPC,446,157.0504608154297,180.2598876953125,85.43733978271484
5166,cut2,5166,POPC,447,197.89463806152344,211.76316833496094,90.40538787841797
5166,cut2,5166,POPC,448,114.46003723144531,157.83973693847656,65.49505615234375
5166,cut2,5166,POPC,449,31.226036071777344,133.23709106445312,74.291748046875
5166,cut2,5166,POPC,450,136.07232666015625,166.4397430419922,73.93032836914062
5166,cut2,5166,POPC,451,90.02021026611328,103.60601043701172,81.64806365966797
5166,cut2,5166,POPC,452,31.96879768371582,146.66258239746094,78.97622680664062
5166,cut2,5166,POPC,453,131.2557830810547,92.2826156616211,76.3456802368164
5166,cut2,5166,POPC,454,179.7227325439453,30.06979751586914,103.87293243408203
5166,cut2,5166,POPC,455,13.792035102844238,195.29505920410156,84.46202087402344
5166,cut2,5166,POPC,456,116.97496795654297,25.653079986572266,91.36653900146484
5166,cut2,5166,POPC,457,120.18614196777344,78.21744537353516,85.5289306640625
5166,cut2,5166,POPC,458,81.5494384765625,170.6883544921875,73.8003158569336
5166,cut2,5166,POPC,459,61.80845260620117,231.7340087890625,92.90349578857422
5166,cut2,5166,POPC,460,131.0676727294922,17.28471565246582,98.53080749511719
5166,cut2,5166,POPC,461,83.44941711425781,49.02460861206055,88.90104675292969
5166,cut2,5166,POPC,462,73.65531921386719,187.86941528320312,79.69097137451172
5166,cut2,5166,POPC,463,67.0121841430664,21.293560028076172,54.7680549621582
5166,cut2,5166,POPC,464,43.36445617675781,86.21243286132812,93.06713104248047
5166,cut2,5166,POPC,465,110.36437225341797,62.91500473022461,89.59980010986328
5166,cut2,5166,POPC,466,37.24042510986328,92.12669372558594,94.39253997802734
5166,cut2,5166,POPC,467,137.93246459960938,184.66314697265625,40.18539047241211
5166,cut2,5166,POPC,468,127.65301513671875,14.113920211791992,94.08380126953125
5166,cut2,5166,POPC,469,64.41907501220703,237.1798095703125,93.75384521484375
5166,cut2,5166,POPC,470,135.27609252929688,154.1178436279297,75.91942596435547
5166,cut2,5166,POPC,471,179.16787719726562,68.97647094726561,96.92826080322266
5166,cut2,5166,POPC,472,39.7470588684082,55.92219924926758,96.34929656982422
5166,cut2,5166,POPC,473,51.28595733642578,173.75494384765625,81.16474151611328
5166,cut2,5166,POPC,474,177.13363647460938,115.50296783447266,96.80994415283203
5166,cut2,5166,POPC,475,195.64678955078125,92.25594329833984,100.32538604736328
5166,cut2,5166,POPC,476,159.66094970703125,55.10112380981445,86.44391632080078
5166,cut2,5166,POPC,477,49.2632942199707,232.08218383789062,96.21403503417969
5166,cut2,5166,POPC,478,88.58293151855469,16.6599063873291,97.11274719238281
5166,cut2,5166,POPC,479,69.80237579345703,206.783935546875,89.34445190429688
5166,cut2,5166,POPC,480,33.38605499267578,67.21884918212889,95.15695190429688
5166,cut2,5166,POPC,481,63.76057434082031,54.2127685546875,97.44004821777344
5166,cut2,5166,POPC,482,55.713890075683594,125.12998962402344,71.57405090332031
5166,cut2,5166,POPC,483,157.90089416503906,9.0238676071167,102.28075408935547
5166,cut2,5166,POPC,484,165.4267120361328,209.0768585205078,90.32081604003906
5166,cut2,5166,POPC,485,166.835205078125,185.4225616455078,89.20206451416016
5166,cut2,5166,POPC,486,90.57933044433594,138.40867614746094,75.91777038574219
5166,cut2,5166,POPC,487,177.8529052734375,50.081180572509766,98.75173950195312
5166,cut2,5166,POPC,488,22.57042121887207,171.22271728515625,84.36628723144531
5166,cut2,5166,POPC,489,58.01426315307617,98.72966003417969,88.88113403320312
5166,cut2,5166,POPC,490,53.34138107299805,192.43983459472656,86.36581420898438
5166,cut2,5166,POPC,491,137.51573181152344,170.70703125,73.27389526367188
5166,cut2,5166,POPC,492,141.1387176513672,65.02505493164062,83.50467681884766
5166,cut2,5166,POPC,493,56.15148162841797,139.32200622558594,74.57343292236328
5166,cut2,5166,POPC,494,144.20484924316406,169.21678161621094,78.5652847290039
5166,cut2,5166,POPC,495,115.68946075439453,144.32772827148438,73.8663558959961
5166,cut2,5166,POPC,496,61.09712600708008,189.32165527343747,82.39772033691406
5166,cut2,5166,POPC,497,81.42731475830078,163.16653442382812,72.3896255493164
5166,cut2,5166,POPC,498,185.96812438964844,198.32054138183594,91.2352523803711
5166,cut2,5166,POPC,499,116.28648376464844,98.3572006225586,77.99506378173828
5166,cut2,5166,POPC,500,58.97386932373047,156.87324523925784,79.04232788085938
5166,cut2,5166,POPC,501,10.302624702453613,90.07215118408203,96.62754821777344
5166,cut2,5166,POPC,502,121.33098602294922,243.86012268066406,98.25456237792969
5166,cut2,5166,POPC,503,39.860328674316406,225.9403839111328,88.00267791748047
5166,cut2,5166,POPC,504,66.25289154052734,30.09212303161621,95.4103012084961
5166,cut2,5166,POPC,505,67.92132568359375,169.00950622558594,74.70516204833984
5166,cut2,5166,POPC,506,138.91893005371094,158.70001220703125,77.31817626953125
5166,cut2,5166,POPC,507,166.89123535156247,221.21470642089844,90.30143737792969
5166,cut2,5166,POPC,508,74.39537048339844,71.82337188720703,54.20524978637695
5166,cut2,5166,POPC,509,28.445446014404297,33.73170852661133,99.11019897460938
5166,cut2,5166,POPC,510,3.217068672180176,87.52063751220703,98.37593841552734
5166,cut2,5166,POPC,511,153.21502685546875,117.08277893066406,94.36859893798828
5166,cut2,5166,POPC,512,108.95222473144531,21.022686004638672,94.8152847290039
5166,cut2,5166,POPC,513,59.04906463623047,218.08290100097656,92.13296508789062
5166,cut2,5166,POPC,514,182.15789794921875,240.49969482421875,92.66114807128906
5166,cut2,5166,POPC,515,150.72882080078125,197.8271026611328,89.29935455322266
5166,cut2,5166,POPC,516,177.990234375,197.77728271484375,88.7634506225586
5166,cut2,5166,POPC,517,22.06778335571289,200.9408721923828,84.2498779296875
5166,cut2,5166,POPC,518,18.67440414428711,131.37216186523438,78.55573272705078
5166,cut2,5166,POPC,519,87.89601135253906,78.81206512451172,88.55534362792969
5166,cut2,5166,POPC,520,160.1364288330078,239.2325897216797,96.68214416503906
5166,cut2,5166,POPC,521,106.0496826171875,146.67295837402344,77.10355377197266
5166,cut2,5166,POPC,522,107.50055694580078,79.32218170166016,85.98731231689453
5166,cut2,5166,POPC,523,27.98370933532715,26.017799377441406,98.00691986083984
5166,cut2,5166,POPC,524,153.9884796142578,153.7723846435547,87.90402221679688
5166,cut2,5166,POPC,525,48.4694709777832,166.39479064941406,81.05457305908203
5166,cut2,5166,POPC,526,116.91357421875,5.37186861038208,97.19114685058594
5166,cut2,5166,POPC,527,28.56224822998047,179.33921813964844,85.45170593261719
5166,cut2,5166,POPC,528,17.89115333557129,227.74464416503906,88.93689727783203
5166,cut2,5166,POPC,529,37.45597839355469,14.073694229125977,95.63597106933594
5166,cut2,5166,POPC,530,64.8984146118164,173.82858276367188,76.78887939453125
5166,cut2,5166,POPC,531,160.7887420654297,87.57994079589844,96.87639617919922
5166,cut2,5166,POPC,532,193.19183349609375,25.64423370361328,98.39200592041016
5166,cut2,5166,POPC,533,195.5170135498047,66.43363952636719,96.37017822265625
5166,cut2,5166,POPC,534,113.19408416748047,190.3050079345703,73.34225463867188
5166,cut2,5166,POPC,535,26.87456703186035,150.91001892089844,81.1550064086914
5166,cut2,5166,POPC,536,72.26020812988281,45.34131622314453,93.51309204101562
5166,cut2,5166,POPC,537,181.69674682617188,218.6459197998047,88.02838134765625
5166,cut2,5166,POPC,538,70.46870422363281,177.55955505371094,76.77953338623047
5166,cut2,5166,POPC,539,165.1873321533203,92.36776733398438,95.71027374267578
5166,cut2,5166,POPC,540,122.05834197998047,210.62701416015625,80.17127227783203
5166,cut2,5166,POPC,541,173.45339965820312,180.24374389648438,83.79820251464844
5166,cut2,5166,POPC,542,119.62940979003906,48.82627868652344,92.37986755371094
5166,cut2,5166,POPC,543,154.3199462890625,14.862154960632324,101.16852569580078
5166,cut2,5166,POPC,544,187.15692138671875,102.81843566894531,100.69622039794922
5166,cut2,5166,POPC,545,63.5013313293457,209.73867797851562,86.45459747314453
5166,cut2,5166,POPC,546,74.59510040283203,8.438972473144531,94.3414535522461
5166,cut2,5166,POPC,547,-2.156804084777832,189.88868713378906,88.42669677734375
5166,cut2,5166,POPC,548,94.18939971923828,99.28106689453125,81.45379638671875
5166,cut2,5166,POPC,549,114.59877014160156,55.70954132080078,91.93426513671875
5166,cut2,5166,POPC,550,3.9823389053344727,132.18739318847656,80.81330871582031
5166,cut2,5166,POPC,551,79.85064697265625,22.053598403930664,93.16557312011719
5166,cut2,5166,POPC,552,22.079174041748047,184.63807678222656,82.88304901123045
5166,cut2,5166,POPC,553,91.89061737060547,69.4864273071289,88.66149139404297
5166,cut2,5166,POPC,554,63.54023742675781,200.10482788085938,86.78620910644531
5166,cut2,5166,POPC,555,51.571014404296875,214.0032958984375,93.52706146240234
5166,cut2,5166,POPC,556,189.86712646484375,92.81822967529298,98.53083038330078
5166,cut2,5166,POPC,557,28.073253631591797,186.4341583251953,88.09285736083984
5166,cut2,5166,POPC,558,81.59635925292969,114.6392822265625,81.27308654785156
5166,cut2,5166,POPC,559,120.32671356201172,155.00668334960938,67.93104553222658
5166,cut2,5166,POPC,560,13.969805717468262,156.35946655273438,85.39044952392578
5166,cut2,5166,POPC,561,33.9730224609375,37.99289321899414,97.68235778808594
5166,cut2,5166,POPC,562,175.49139404296875,44.24147033691406,96.92684936523438
5166,cut2,5166,POPC,563,194.19627380371094,197.02838134765625,90.7882308959961
5166,cut2,5166,POPC,564,32.012596130371094,58.43513488769531,91.49417877197266
5166,cut2,5166,POPC,565,61.31892395019531,223.89193725585938,90.70560455322266
5166,cut2,5166,POPC,566,84.05892181396484,138.9224395751953,73.17515563964844
5166,cut2,5166,POPC,567,55.03938293457031,147.5760498046875,76.2200698852539
5166,cut2,5166,POPC,568,23.354507446289062,66.69853973388672,98.39034271240234
5166,cut2,5166,POPC,569,157.57476806640625,209.15374755859375,87.91852569580078
5166,cut2,5166,POPC,570,157.1710205078125,218.66432189941406,91.32677459716797
5166,cut2,5166,POPC,571,48.181114196777344,106.07362365722656,46.500736236572266
5166,cut2,5166,POPC,572,14.080830574035645,58.9127197265625,99.22278594970703
5166,cut2,5166,POPC,573,102.48815155029297,20.11311912536621,93.94788360595703
5166,cut2,5166,POPC,574,164.78561401367188,235.86822509765625,96.76010131835938
5166,cut2,5166,POPC,575,43.929351806640625,35.368106842041016,95.09239959716797
5166,cut2,5166,POPC,576,164.67994689941406,128.64047241210938,95.76314544677734
5166,cut2,5166,POPC,577,162.87667846679688,195.74253845214844,90.49784851074219
5166,cut2,5166,POPC,578,15.681707382202148,163.9565887451172,87.5026626586914
5166,cut2,5166,POPC,579,173.0972137451172,139.0570526123047,96.35413360595703
5166,cut2,5166,POPC,580,130.45851135253906,165.98655700683594,68.46028900146484
5166,cut2,5166,POPC,581,125.32203674316406,178.24502563476562,75.54148864746094
5166,cut2,5166,POPC,582,17.598758697509766,244.38169860839844,94.5959243774414
5166,cut2,5166,POPC,583,181.40011596679688,224.66067504882812,89.72052764892578
5166,cut2,5166,POPC,584,165.02923583984375,104.05735778808594,57.07099533081055
5166,cut2,5166,POPC,585,51.87264633178711,13.267122268676758,93.56967163085938
5166,cut2,5166,POPC,586,176.02684020996094,10.358054161071777,93.8694076538086
5166,cut2,5166,POPC,587,101.92842864990234,3.844252109527588,92.086669921875
5166,cut2,5166,POPC,588,193.11366271972653,228.3082275390625,90.47648620605469
5166,cut2,5166,POPC,589,17.84987449645996,61.40948486328125,97.07942962646484
5166,cut2,5166,POPC,590,41.529048919677734,138.30113220214844,73.56832122802734
5166,cut2,5166,POPC,591,69.596923828125,152.73989868164062,73.5091323852539
5166,cut2,5166,POPC,592,69.17195892333984,194.89407348632812,42.365882873535156
5166,cut2,5166,POPC,593,8.903435707092285,23.85151481628418,96.94823455810547
5166,cut2,5166,POPC,594,195.24226379394528,-1.3558897972106934,91.41117095947266
5166,cut2,5166,POPC,595,56.015785217285156,226.8380126953125,93.8862533569336
5166,cut2,5166,POPC,596,110.67955780029297,173.5995635986328,71.126953125
5166,cut2,5166,POPC,597,108.15150451660158,147.16725158691406,71.54325866699219
5166,cut2,5166,POPC,598,27.30992889404297,159.36216735839844,82.99202728271484
5166,cut2,5166,POPC,599,113.6291732788086,31.735496520996094,92.89864349365234
5166,cut2,5166,POPC,600,28.21990966796875,126.38140106201172,76.203857421875
5166,cut2,5166,POPC,601,22.79440689086914,136.7142333984375,79.82999420166016
5166,cut2,5166,POPC,602,144.06686401367188,125.29084777832031,87.91849517822266
5166,cut2,5166,POPC,603,108.79499816894531,11.88569164276123,93.80675506591797
5166,cut2,5166,POPC,604,24.408727645874023,8.532890319824217,92.71996307373047
5166,cut2,5166,POPC,605,127.9585952758789,8.174527168273926,91.44209289550781
5166,cut2,5166,POPC,606,167.60711669921875,16.94895362854004,96.53060150146484
5166,cut2,5166,POPC,607,89.44656372070312,133.1749725341797,80.02445220947266
5166,cut2,5166,POPC,608,57.83161163330078,240.6600799560547,91.1017074584961
5166,cut2,5166,POPC,609,20.170082092285156,18.27709197998047,95.2596664428711
5166,cut2,5166,POPC,610,7.963730812072754,212.85891723632812,89.27726745605469
5166,cut2,5166,POPC,611,184.04312133789062,191.9084930419922,89.30020141601562
5166,cut2,5166,POPC,612,60.364994049072266,178.1103515625,76.60485076904297
5166,cut2,5166,POPC,613,152.63027954101562,236.67922973632812,53.66426467895508
5166,cut2,5166,POPC,614,130.5234375,223.39239501953125,83.87113189697266
5166,cut2,5166,POPC,615,5.236842155456543,198.92408752441406,89.90450286865234
5166,cut2,5166,POPC,616,0.10014237463474274,7.625011920928955,95.34236907958984
5166,cut2,5166,POPC,617,133.60980224609375,204.70460510253906,88.42808532714844
5166,cut2,5166,POPC,618,8.130473136901855,137.74520874023438,86.11795806884766
5166,cut2,5166,POPC,619,200.63491821289062,184.91830444335938,88.42613983154297
5166,cut2,5166,POPC,620,143.25221252441406,14.485295295715332,100.05504608154297
5166,cut2,5166,POPC,621,160.51649475097656,226.8351287841797,92.43194580078125
5166,cut2,5166,POPC,622,156.4141082763672,197.18516540527344,88.01792907714844
5166,cut2,5166,POPC,623,109.78807830810547,48.21617126464844,91.2554702758789
5166,cut2,5166,POPC,624,117.3228530883789,171.1290740966797,66.42567443847656
5166,cut2,5166,POPC,625,153.12257385253906,162.01327514648438,90.48351287841797
5166,cut2,5166,POPC,626,130.6909637451172,99.34320831298828,38.57936096191406
5166,cut2,5166,POPC,627,42.59949493408203,179.62693786621094,42.774017333984375
5166,cut2,5166,POPC,628,66.58643341064453,208.544921875,47.83441925048828
5166,cut2,5166,POPC,629,159.0986785888672,182.38198852539062,51.81774139404297
5166,cut2,5166,POPC,630,117.49903869628906,69.40830993652344,48.68738555908203
5166,cut2,5166,POPC,631,40.14750289916992,241.42984008789062,52.82312774658203
5166,cut2,5166,POPC,632,139.0075225830078,208.181640625,45.07750701904297
5166,cut2,5166,POPC,633,131.82017517089844,152.43798828125,38.541927337646484
5166,cut2,5166,POPC,634,57.1472053527832,198.83026123046875,46.06670379638672
5166,cut2,5166,POPC,635,140.7764434814453,10.728623390197754,56.0844841003418
5166,cut2,5166,POPC,636,13.188620567321777,173.93870544433594,44.633853912353516
5166,cut2,5166,POPC,637,200.87197875976562,20.593143463134766,59.23468780517578
5166,cut2,5166,POPC,638,115.72530364990234,31.372285842895508,51.978336334228516
5166,cut2,5166,POPC,639,74.82127380371094,211.4755401611328,51.661216735839844
5166,cut2,5166,POPC,640,191.01995849609375,223.15419006347656,50.06605911254883
5166,cut2,5166,POPC,641,169.36727905273438,164.86509704589844,52.93975830078125
5166,cut2,5166,POPC,642,162.91485595703125,178.1820068359375,50.95989990234375
5166,cut2,5166,POPC,643,62.4160041809082,188.78668212890625,40.44816589355469
5166,cut2,5166,POPC,644,33.99353790283203,87.65957641601562,55.8182373046875
5166,cut2,5166,POPC,645,11.38668155670166,84.66773986816406,61.81595993041992
5166,cut2,5166,POPC,646,1.1950234174728394,15.56351089477539,56.5694580078125
5166,cut2,5166,POPC,647,180.70538330078125,80.06493377685547,61.76566696166992
5166,cut2,5166,POPC,648,166.35447692871094,144.44703674316406,55.497188568115234
5166,cut2,5166,POPC,649,177.98013305664062,61.30950927734375,62.565792083740234
5166,cut2,5166,POPC,650,167.42446899414062,199.62722778320312,54.04608154296875
5166,cut2,5166,POPC,651,154.83665466308594,152.58590698242188,47.8060417175293
5166,cut2,5166,POPC,652,177.29904174804688,189.3196563720703,48.15830612182617
5166,cut2,5166,POPC,653,5.480099678039551,193.58860778808594,49.47802734375
5166,cut2,5166,POPC,654,37.458621978759766,178.45591735839844,44.294071197509766
5166,cut2,5166,POPC,655,39.36664581298828,44.79348373413086,59.30958557128906
5166,cut2,5166,POPC,656,26.058189392089847,209.55487060546875,50.49726486206055
5166,cut2,5166,POPC,657,20.365583419799805,154.98553466796875,45.527496337890625
5166,cut2,5166,POPC,658,84.67333984375,124.17718505859375,45.82347106933594
5166,cut2,5166,POPC,659,50.647682189941406,158.7725372314453,36.25333023071289
5166,cut2,5166,POPC,660,107.28764343261719,38.755924224853516,55.2877082824707
5166,cut2,5166,POPC,661,31.990819931030273,34.11162185668945,62.10898971557617
5166,cut2,5166,POPC,662,168.56748962402344,51.71997833251953,66.12601470947266
5166,cut2,5166,POPC,663,133.49769592285156,181.3721160888672,36.71584701538086
5166,cut2,5166,POPC,664,6.701569557189941,22.825111389160156,61.26633071899414
5166,cut2,5166,POPC,665,192.08909606933594,230.9241180419922,51.2163200378418
5166,cut2,5166,POPC,666,142.27130126953125,135.91685485839844,40.980777740478516
5166,cut2,5166,POPC,667,-1.3651286363601685,100.33882141113281,60.862796783447266
5166,cut2,5166,POPC,668,149.75498962402344,154.5795440673828,42.587120056152344
5166,cut2,5166,POPC,669,148.59967041015625,134.49551391601562,44.77066421508789
5166,cut2,5166,POPC,670,200.406005859375,31.695938110351562,61.63985824584961
5166,cut2,5166,POPC,671,70.60606384277344,80.35872650146484,46.72908401489258
5166,cut2,5166,POPC,672,187.03121948242188,162.59991455078125,51.764320373535156
5166,cut2,5166,POPC,673,108.15587615966797,9.173834800720215,55.30190658569336
5166,cut2,5166,POPC,674,174.83729553222656,53.625797271728516,65.21973419189453
5166,cut2,5166,POPC,675,64.2599868774414,181.29293823242188,41.43632125854492
5166,cut2,5166,POPC,676,67.05512237548828,89.85965728759766,49.00458908081054
5166,cut2,5166,POPC,677,152.0435028076172,204.8585662841797,49.345909118652344
5166,cut2,5166,POPC,678,33.16706848144531,212.72712707519528,53.182369232177734
5166,cut2,5166,POPC,679,44.62284851074219,210.54229736328125,52.191246032714844
5166,cut2,5166,POPC,680,143.78585815429688,187.51876831054688,42.61526870727539
5166,cut2,5166,POPC,681,54.09267807006836,57.87125778198242,61.14847183227539
5166,cut2,5166,POPC,682,110.04161834716797,63.674495697021484,49.664302825927734
5166,cut2,5166,POPC,683,176.40585327148438,244.33395385742188,53.69049835205078
5166,cut2,5166,POPC,684,110.13438415527344,137.61126708984375,40.045494079589844
5166,cut2,5166,POPC,685,106.87114715576172,21.714622497558594,50.936580657958984
5166,cut2,5166,POPC,686,71.32986450195312,170.55743408203125,36.52043151855469
5166,cut2,5166,POPC,687,192.93594360351562,185.7779083251953,47.50262451171875
5166,cut2,5166,POPC,688,50.84294891357422,216.74249267578125,48.947723388671875
5166,cut2,5166,POPC,689,28.72272300720215,165.2981719970703,45.06853485107422
5166,cut2,5166,POPC,690,187.15377807617188,155.26873779296875,57.08930206298828
5166,cut2,5166,POPC,691,8.653407096862793,74.42030334472656,58.85976028442383
5166,cut2,5166,POPC,692,186.30197143554688,169.50767517089844,51.79745864868164
5166,cut2,5166,POPC,693,122.39195251464844,160.4304962158203,33.04307174682617
5166,cut2,5166,POPC,694,151.52589416503906,194.0254669189453,46.743106842041016
5166,cut2,5166,POPC,695,165.78738403320312,229.14520263671875,49.9656867980957
5166,cut2,5166,POPC,696,100.35781860351562,19.670873641967773,50.05004119873047
5166,cut2,5166,POPC,697,69.35940551757812,29.504684448242188,54.85846710205078
5166,cut2,5166,POPC,698,85.56298065185547,36.073753356933594,53.21856689453125
5166,cut2,5166,POPC,699,6.988593101501465,62.68537521362305,59.515899658203125
5166,cut2,5166,POPC,700,105.80650329589844,1.3165987730026245,56.66739273071289
5166,cut2,5166,POPC,701,146.830810546875,207.963134765625,49.16188430786133
5166,cut2,5166,POPC,702,82.4363021850586,67.39737701416016,57.32728958129883
5166,cut2,5166,POPC,703,36.58334732055664,65.02098846435547,55.80820846557617
5166,cut2,5166,POPC,704,74.12565612792969,225.58074951171872,57.50885009765625
5166,cut2,5166,POPC,705,86.24034118652344,219.9847412109375,52.1672477722168
5166,cut2,5166,POPC,706,59.00444030761718,193.23214721679688,42.841732025146484
5166,cut2,5166,POPC,707,34.1006965637207,24.472291946411133,53.77981185913086
5166,cut2,5166,POPC,708,68.07630920410156,145.17398071289062,74.51148223876953
5166,cut2,5166,POPC,709,9.868098258972168,222.50894165039062,47.82989501953125
5166,cut2,5166,POPC,710,189.3545684814453,35.696903228759766,61.69462203979492
5166,cut2,5166,POPC,711,42.55802917480469,94.63676452636719,55.2957649230957
5166,cut2,5166,POPC,712,52.01847457885742,201.0426788330078,48.3243522644043
5166,cut2,5166,POPC,713,42.34763717651367,2.7584099769592285,51.74253463745117
5166,cut2,5166,POPC,714,175.19293212890625,4.87137508392334,56.501853942871094
5166,cut2,5166,POPC,715,194.61268615722656,215.63427734375,45.684608459472656
5166,cut2,5166,POPC,716,198.59999084472656,44.78033447265625,64.72481536865234
5166,cut2,5166,POPC,717,187.22369384765625,66.23228454589844,61.2182960510254
5166,cut2,5166,POPC,718,61.470821380615234,33.563514709472656,55.40417098999024
5166,cut2,5166,POPC,719,2.936732292175293,75.9057388305664,56.462093353271484
5166,cut2,5166,POPC,720,-0.49122151732444763,158.38458251953125,48.212127685546875
5166,cut2,5166,POPC,721,109.98934936523438,100.41683197021484,39.36100387573242
5166,cut2,5166,POPC,722,154.5642547607422,213.5233154296875,49.59822082519531
5166,cut2,5166,POPC,723,97.92657470703125,169.57131958007812,31.258398056030273
5166,cut2,5166,POPC,724,97.34721374511719,235.23654174804688,53.96745300292969
5166,cut2,5166,POPC,725,7.248457908630371,16.674991607666016,58.151649475097656
5166,cut2,5166,POPC,726,90.94583892822266,56.52702331542969,57.42056655883789
5166,cut2,5166,POPC,727,34.896244049072266,193.0630645751953,44.910030364990234
5166,cut2,5166,POPC,728,50.45516586303711,73.11543273925781,53.48069763183594
5166,cut2,5166,POPC,729,59.83760452270508,2.306748867034912,58.54697799682617
5166,cut2,5166,POPC,730,58.06621551513672,47.631832122802734,57.24589920043945
5166,cut2,5166,POPC,731,84.3210220336914,233.9640350341797,54.10990905761719
5166,cut2,5166,POPC,732,7.710143089294434,183.06788635253906,43.04549789428711
5166,cut2,5166,POPC,733,115.18020629882812,10.619704246520996,55.2760124206543
5166,cut2,5166,POPC,734,137.08909606933594,145.8243408203125,38.85106658935547
5166,cut2,5166,POPC,735,58.5484848022461,181.2747344970703,41.94651794433594
5166,cut2,5166,POPC,736,13.149882316589355,243.85256958007812,52.3183708190918
5166,cut2,5166,POPC,737,45.61088180541992,25.24623680114746,54.52122497558594
5166,cut2,5166,POPC,738,19.255525588989258,211.11683654785156,47.721988677978516
5166,cut2,5166,POPC,739,175.96282958984375,122.18058776855469,59.4836311340332
5166,cut2,5166,POPC,740,73.70631408691406,17.744787216186523,55.557918548583984
5166,cut2,5166,POPC,741,197.50270080566406,169.032958984375,44.98368835449219
5166,cut2,5166,POPC,742,24.639284133911133,230.28729248046875,45.6715087890625
5166,cut2,5166,POPC,743,80.26229858398438,211.8147735595703,51.3970947265625
5166,cut2,5166,POPC,744,96.69822692871094,245.63754272460938,52.87839126586914
5166,cut2,5166,POPC,745,60.56283187866211,217.30316162109375,54.42821502685547
5166,cut2,5166,POPC,746,150.11854553222656,165.40301513671875,43.022029876708984
5166,cut2,5166,POPC,747,1.4421604871749878,152.90447998046875,51.945701599121094
5166,cut2,5166,POPC,748,108.23052215576172,55.42458724975586,55.092472076416016
5166,cut2,5166,POPC,749,3.8390607833862305,213.46556091308594,46.676536560058594
5166,cut2,5166,POPC,750,107.57860565185547,69.91805267333984,51.56925964355469
5166,cut2,5166,POPC,751,70.02095031738281,238.5672607421875,56.447059631347656
5166,cut2,5166,POPC,752,76.95848083496094,31.756427764892578,53.721038818359375
5166,cut2,5166,POPC,753,188.2903594970703,46.20854568481445,62.504093170166016
5166,cut2,5166,POPC,754,145.12207031250003,228.7429656982422,56.892913818359375
5166,cut2,5166,POPC,755,125.05323028564453,209.3462677001953,46.18647384643555
5166,cut2,5166,POPC,756,21.999183654785156,196.64389038085938,44.657440185546875
5166,cut2,5166,POPC,757,191.16932678222656,79.09761810302736,59.49740982055664
5166,cut2,5166,POPC,758,183.4248046875,185.1741485595703,46.13847351074219
5166,cut2,5166,POPC,759,76.07067108154297,39.41637420654297,53.94176483154297
5166,cut2,5166,POPC,760,171.80862426757812,174.424560546875,50.939971923828125
5166,cut2,5166,POPC,761,3.9782304763793945,51.04029846191406,65.0549087524414
5166,cut2,5166,POPC,762,0.7013691663742064,243.0565185546875,53.23904800415039
5166,cut2,5166,POPC,763,160.65652465820312,110.45783233642578,57.7933235168457
5166,cut2,5166,POPC,764,19.532936096191403,43.70663833618164,62.968082427978516
5166,cut2,5166,POPC,765,12.357270240783691,38.040287017822266,62.7433967590332
5166,cut2,5166,POPC,766,48.966793060302734,165.135009765625,38.34320831298828
5166,cut2,5166,POPC,767,60.96354293823242,169.9091796875,33.563785552978516
5166,cut2,5166,POPC,768,77.07719421386719,63.27589416503906,57.79568099975586
5166,cut2,5166,POPC,769,182.95623779296875,73.23365020751953,63.986324310302734
5166,cut2,5166,POPC,770,118.6209716796875,21.074079513549805,53.253665924072266
5166,cut2,5166,POPC,771,0.05958832800388336,57.795684814453125,66.12273406982422
5166,cut2,5166,POPC,772,22.050777435302734,235.74545288085938,47.83714294433594
5166,cut2,5166,POPC,773,61.860374450683594,26.80628776550293,56.58438491821289
5166,cut2,5166,POPC,774,77.75747680664062,12.417909622192383,55.26678466796875
5166,cut2,5166,POPC,775,164.4209747314453,160.69332885742188,52.14067459106445
5166,cut2,5166,POPC,776,181.12921142578125,33.9616813659668,61.74494552612305
5166,cut2,5166,POPC,777,148.21530151367188,199.05491638183594,43.15019226074219
5166,cut2,5166,POPC,778,190.68128967285156,176.9888916015625,47.95724105834961
5166,cut2,5166,POPC,779,197.87591552734378,185.0531005859375,44.19751739501953
5166,cut2,5166,POPC,780,12.374726295471191,188.37399291992188,43.212928771972656
5166,cut2,5166,POPC,781,77.13028717041014,237.13735961914062,51.43592834472656
5166,cut2,5166,POPC,782,140.7303924560547,122.96293640136719,44.96468734741211
5166,cut2,5166,POPC,783,56.90988540649414,165.39004516601562,33.92852783203125
5166,cut2,5166,POPC,784,100.07659912109375,47.8449821472168,52.459136962890625
5166,cut2,5166,POPC,785,47.26074600219727,223.8690948486328,48.542091369628906
5166,cut2,5166,POPC,786,153.15420532226562,180.18096923828125,49.63929748535156
5166,cut2,5166,POPC,787,171.8789825439453,19.5935115814209,63.79743576049805
5166,cut2,5166,POPC,788,6.166457176208496,165.11093139648438,43.22797775268555
5166,cut2,5166,POPC,789,115.08709716796875,4.784639358520508,52.89326477050781
5166,cut2,5166,POPC,790,71.7241439819336,232.79165649414062,57.2501106262207
5166,cut2,5166,POPC,791,99.96884155273438,75.77180480957031,48.69349670410156
5166,cut2,5166,POPC,792,34.20686721801758,28.736026763916016,59.50120162963867
5166,cut2,5166,POPC,793,121.86358642578125,15.646345138549805,52.717525482177734
5166,cut2,5166,POPC,794,101.68199920654297,27.10251808166504,50.8830451965332
5166,cut2,5166,POPC,795,58.00113296508789,77.04107666015625,47.647823333740234
5166,cut2,5166,POPC,796,182.44186401367188,101.28675079345703,63.42721939086914
5166,cut2,5166,POPC,797,60.31312942504883,224.04962158203125,52.45381546020508
5166,cut2,5166,POPC,798,32.265628814697266,60.689674377441406,56.519351959228516
5166,cut2,5166,POPC,799,167.65472412109375,57.79161834716797,64.1559066772461
5166,cut2,5166,POPC,800,101.66437530517578,98.94410705566406,41.2070198059082
5166,cut2,5166,POPC,801,48.19221496582031,244.0267791748047,52.51034164428711
5166,cut2,5166,POPC,802,43.25014114379883,33.82327651977539,60.80305099487305
5166,cut2,5166,POPC,803,186.7484588623047,243.37229919433597,59.161800384521484
5166,cut2,5166,POPC,804,129.51736450195312,158.73155212402344,35.82916259765625
5166,cut2,5166,POPC,805,163.5528564453125,21.343448638916016,62.92734909057617
5166,cut2,5166,POPC,806,68.29532623291016,56.321773529052734,62.30339431762695
5166,cut2,5166,POPC,807,101.97274017333984,5.4980573654174805,57.79420852661133
5166,cut2,5166,POPC,808,53.62739181518555,50.286197662353516,60.47532272338867
5166,cut2,5166,POPC,809,174.2117156982422,37.64725112915039,65.13816833496094
5166,cut2,5166,POPC,810,186.72735595703125,190.03697204589844,48.41876983642578
5166,cut2,5166,POPC,811,149.89474487304688,176.1931915283203,45.834575653076165
5166,cut2,5166,POPC,812,151.7119903564453,22.707860946655273,58.42646408081054
5166,cut2,5166,POPC,813,54.021324157714844,26.72124481201172,54.80675506591797
5166,cut2,5166,POPC,814,188.56687927246094,118.33348846435547,56.030338287353516
5166,cut2,5166,POPC,815,19.36355972290039,136.00146484375,40.87760543823242
5166,cut2,5166,POPC,816,23.64210319519043,16.489839553833008,55.504600524902344
5166,cut2,5166,POPC,817,181.41836547851562,16.57468605041504,59.859710693359375
5166,cut2,5166,POPC,818,3.7742433547973633,206.58155822753906,47.95803451538086
5166,cut2,5166,POPC,819,97.40752410888672,111.50218963623047,43.017677307128906
5166,cut2,5166,POPC,820,30.59800148010254,109.53559112548828,47.448951721191406
5166,cut2,5166,POPC,821,128.23428344726562,191.40423583984375,40.2151985168457
5166,cut2,5166,POPC,822,-0.7299357652664185,134.2071533203125,56.15909957885742
5166,cut2,5166,POPC,823,79.54256439208984,227.4094696044922,55.245296478271484
5166,cut2,5166,POPC,824,71.19000244140625,132.64723205566406,71.0060043334961
5166,cut2,5166,POPC,825,83.73185729980469,26.452957153320312,53.09892272949219
5166,cut2,5166,POPC,826,177.20437622070312,87.86973571777344,61.83462905883789
5166,cut2,5166,POPC,827,156.56027221679688,92.06864166259767,57.304386138916016
5166,cut2,5166,POPC,828,16.51418685913086,73.34510803222656,60.56717300415039
5166,cut2,5166,POPC,829,53.92416763305663,67.54057312011719,58.975399017333984
5166,cut2,5166,POPC,830,32.985374450683594,159.45301818847656,41.360599517822266
5166,cut2,5166,POPC,831,163.75616455078125,44.78921127319336,67.45649719238281
5166,cut2,5166,POPC,832,193.22372436523438,65.96394348144531,61.86272048950195
5166,cut2,5166,POPC,833,168.52560424804688,84.17449188232422,59.273868560791016
5166,cut2,5166,POPC,834,60.02328109741211,205.45791625976562,50.717281341552734
5166,cut2,5166,POPC,835,9.007769584655762,28.222606658935547,59.83371353149414
5166,cut2,5166,POPC,836,23.462295532226562,71.77070617675781,58.30485916137695
5166,cut2,5166,POPC,837,16.229446411132812,25.999088287353516,57.58579635620117
5166,cut2,5166,POPC,838,92.81723022460938,8.09074878692627,56.74156188964844
5166,cut2,5166,POPC,839,152.496337890625,126.47512817382812,44.880027770996094
5166,cut2,5166,POPC,840,53.58163070678711,230.08706665039062,49.40864181518555
5166,cut2,5166,POPC,841,164.09490966796875,226.31280517578125,45.708248138427734
5166,cut2,5166,POPC,842,187.17796325683594,196.4919891357422,47.45798110961914
5166,cut2,5166,POPC,843,61.900978088378906,211.41281127929688,53.9329948425293
5166,cut2,5166,POPC,844,43.764915466308594,76.14825439453125,51.78270721435547
5166,cut2,5166,POPC,845,53.92985153198242,206.7576141357422,50.785850524902344
5166,cut2,5166,POPC,846,195.06906127929688,70.83464050292969,58.574440002441406
5166,cut2,5166,POPC,847,34.30501937866211,226.70761108398438,49.80693817138672
5166,cut2,5166,POPC,848,176.68875122070312,45.19736099243164,65.2847671508789
5166,cut2,5166,POPC,849,170.70730590820312,67.2243881225586,59.677772521972656
5166,cut2,5166,POPC,850,174.20254516601562,96.8407211303711,59.73331832885742
5166,cut2,5166,POPC,851,98.54689025878906,32.76047897338867,49.88886260986328
5166,cut2,5166,POPC,852,177.5628204345703,180.2574005126953,49.635562896728516
5166,cut2,5166,POPC,853,63.41746139526367,151.39321899414062,34.14530563354492
5166,cut2,5166,POPC,854,186.9847869873047,17.681337356567383,61.08665084838867
5166,cut2,5166,POPC,855,-0.15833769738674164,87.98851776123047,58.503658294677734
5166,cut2,5166,POPC,856,120.13442230224611,182.8811798095703,34.816715240478516
5166,cut2,5166,POPC,857,123.13575744628906,105.53395080566406,37.15223693847656
5166,cut2,5166,POPC,858,172.54925537109375,216.52500915527344,45.78984069824219
5166,cut2,5166,POPC,859,65.54739379882812,230.38697814941406,56.20643997192383
5166,cut2,5166,POPC,860,36.39659881591797,197.2835693359375,49.172847747802734
5166,cut2,5166,POPC,861,42.33950424194336,195.8124542236328,49.57302474975586
5166,cut2,5166,POPC,862,15.760859489440918,53.53868103027344,63.96682357788086
5166,cut2,5166,POPC,863,168.0194091796875,75.8786849975586,57.893959045410156
5166,cut2,5166,POPC,864,25.6061954498291,66.25517272949219,58.65080261230469
5166,cut2,5166,POPC,865,32.54151916503906,93.69657897949219,55.528743743896484
5166,cut2,5166,POPC,866,15.47553825378418,82.5300064086914,97.22337341308594
5166,cut2,5166,POPC,867,14.27595043182373,140.76046752929688,45.483062744140625
5166,cut2,5166,POPC,868,22.651763916015625,179.50460815429688,46.942291259765625
5166,cut2,5166,POPC,869,168.92933654785156,117.17011260986328,52.1218147277832
5166,cut2,5166,POPC,870,67.01535034179688,155.89366149902344,34.778892517089844
5166,cut2,5166,POPC,871,161.74168395996094,233.0062713623047,51.48622512817383
5166,cut2,5166,POPC,872,126.53386688232422,182.64427185058594,36.55709457397461
5166,cut2,5166,POPC,873,62.143936157226555,144.42640686035156,37.84577178955078
5166,cut2,5166,POPC,874,55.620033264160156,147.6040802001953,33.55339431762695
5166,cut2,5166,POPC,875,171.65066528320312,193.37428283691406,52.688499450683594
5166,cut2,5166,POPC,876,122.87186431884766,24.591901779174805,52.66787338256836
5166,cut2,5166,POPC,877,51.5544319152832,181.10565185546875,42.09550476074219
5166,cut2,5166,POPC,878,135.21983337402344,139.38157653808594,38.235557556152344
5166,cut2,5166,POPC,879,25.193071365356445,98.84686279296875,95.14923858642578
5166,cut2,5166,POPC,880,62.92536163330078,129.3572235107422,33.5245246887207
5166,cut2,5166,POPC,881,12.488558769226074,64.96653747558594,60.94301223754883
5166,cut2,5166,POPC,882,99.3800048828125,104.95172882080078,43.90727615356445
5166,cut2,5166,POPC,883,124.81070709228516,36.2221794128418,56.511661529541016
5166,cut2,5166,POPC,884,192.97605895996094,243.80055236816406,56.10187530517578
5166,cut2,5166,POPC,885,14.142073631286621,180.80348205566406,43.54548263549805
5166,cut2,5166,POPC,886,64.2712173461914,200.61610412597656,46.068885803222656
5166,cut2,5166,POPC,887,32.64383316040039,171.5121307373047,44.76062774658203
5166,cut2,5166,POPC,888,43.525054931640625,236.49700927734375,51.73299026489258
5166,cut2,5166,POPC,889,38.609283447265625,215.32618713378906,50.09157943725586
5166,cut2,5166,POPC,890,22.559295654296875,10.086555480957031,53.95358657836914
5166,cut2,5166,POPC,891,173.59901428222656,209.99122619628906,47.95173263549804
5166,cut2,5166,POPC,892,177.73167419433594,196.68565368652344,52.85151290893555
5166,cut2,5166,POPC,893,173.18215942382812,222.6082000732422,46.48392868041993
5166,cut2,5166,POPC,894,193.05072021484372,50.59524917602539,62.72532272338867
5166,cut2,5166,POPC,895,90.11539459228516,11.42206859588623,54.66643524169922
5166,cut2,5166,POPC,896,142.34922790527344,213.30360412597656,48.52267074584961
5166,cut2,5166,POPC,897,183.0228729248047,57.2303581237793,61.86143112182617
5166,cut2,5166,POPC,898,47.08045959472656,204.5170440673828,50.41032791137695
5166,cut2,5166,POPC,899,94.2062759399414,101.62821197509766,41.199764251708984
5166,cut2,5166,POPC,900,91.35148620605469,235.58932495117188,52.8439826965332
5166,cut2,5166,POPC,901,34.39255142211914,6.658720016479492,51.53202819824219
5166,cut2,5166,POPC,902,48.77286148071289,189.7819366455078,45.363643646240234
5166,cut2,5166,POPC,903,185.50344848632812,130.0139923095703,57.245506286621094
5166,cut2,5166,POPC,904,16.512075424194336,223.0373992919922,48.39622497558594
5166,cut2,5166,POPC,905,158.053466796875,191.264404296875,48.78089904785156
5166,cut2,5166,POPC,906,59.845958709716804,231.773681640625,51.08494567871094
5166,cut2,5166,POPC,907,23.7803955078125,200.9226531982422,49.3201789855957
5166,cut2,5166,POPC,908,175.74517822265625,205.50509643554688,50.56668472290039
5166,cut2,5166,POPC,909,176.8726043701172,163.75013732910156,49.79962158203125
5166,cut2,5166,POPC,910,165.8137969970703,171.0736846923828,52.055908203125
5166,cut2,5166,POPC,911,185.85157775878906,138.8655242919922,59.83943557739258
5166,cut2,5166,POPC,912,20.3394832611084,94.7940673828125,61.90317153930664
5166,cut2,5166,POPC,913,113.50516510009766,90.90486907958984,33.51346969604492
5166,cut2,5166,POPC,914,16.2093563079834,58.94790267944336,60.49584197998047
5166,cut2,5166,POPC,915,176.18255615234375,149.86691284179688,52.7789306640625
5166,cut2,5166,POPC,916,138.55531311035156,2.5038280487060547,53.71982955932617
5166,cut2,5166,POPC,917,176.77963256835938,238.63792419433594,53.85444641113281
5166,cut2,5166,POPC,918,24.172019958496094,39.165481567382805,62.61203384399414
5166,cut2,5166,POPC,919,40.28081130981445,205.3282012939453,50.619876861572266
5166,cut2,5166,POPC,920,71.05784606933594,64.95401763916016,59.22341537475586
5166,cut2,5166,POPC,921,77.48249053955078,51.91378402709961,57.756446838378906
5166,cut2,5166,POPC,922,114.63042449951172,143.96847534179688,34.317535400390625
5166,cut2,5166,POPC,923,8.96214771270752,144.182373046875,48.29057312011719
5166,cut2,5166,POPC,924,44.77294921875,11.77698802947998,55.097373962402344
5166,cut2,5166,POPC,925,0.4817780554294586,81.27095794677734,58.80229187011719
5166,cut2,5166,POPC,926,130.8912353515625,207.5081329345703,46.10764694213867
5166,cut2,5166,POPC,927,159.20790100097656,156.8127899169922,50.534854888916016
5166,cut2,5166,POPC,928,18.679048538208008,5.648771286010742,56.067710876464844
5166,cut2,5166,POPC,929,182.27038574218747,152.8289337158203,54.48270797729492
5166,cut2,5166,POPC,930,58.791221618652344,70.29432678222656,55.78174591064453
5166,cut2,5166,POPC,931,49.19685363769531,111.27635192871094,40.1662712097168
5166,cut2,5166,POPC,932,41.51278305053711,60.73516845703125,58.648258209228516
5166,cut2,5166,POPC,933,56.17040252685547,8.858529090881348,58.43440628051758
5166,cut2,5166,POPC,934,6.164689064025879,36.67269515991211,63.12018966674805
5166,cut2,5166,POPC,935,93.67230987548828,69.6973876953125,54.17792892456055
5166,cut2,5166,POPC,936,79.9365234375,221.3412628173828,55.406715393066406
5166,cut2,5166,POPC,937,66.85107421875,14.764076232910156,55.57058334350586
5166,cut2,5166,POPC,938,35.081485748291016,185.02606201171875,41.949275970458984
5166,cut2,5166,POPC,939,18.920316696166992,188.3003692626953,44.16181182861328
5166,cut2,5166,POPC,940,30.59965705871582,70.32367706298828,53.1160774230957
5166,cut2,5166,POPC,941,90.20314025878906,74.32286834716797,56.61088562011719
5166,cut2,5166,POPC,942,48.60331344604492,63.45730209350586,57.880550384521484
5166,cut2,5166,POPC,943,102.38297271728516,13.90600299835205,54.399654388427734
5166,cut2,5166,POPC,944,46.76826095581055,138.28688049316406,31.784833908081055
5166,cut2,5166,POPC,945,126.96209716796875,53.81326675415039,56.05824661254883
5166,cut2,5166,POPC,946,14.55935001373291,216.33392333984372,47.90196228027344
5166,cut2,5166,POPC,947,181.3865203857422,93.88768768310547,63.13736343383789
5166,cut2,5166,POPC,948,81.77066802978517,73.89608001708984,54.02729415893555
5166,cut2,5166,POPC,949,121.36068725585938,77.36166381835938,47.488426208496094
5166,cut2,5166,POPC,950,15.75595760345459,148.4896697998047,47.82877731323242
5166,cut2,5166,POPC,951,13.864668846130371,163.63478088378906,42.3806037902832
5166,cut2,5166,POPC,952,147.04867553710938,223.87234497070312,56.343807220458984
5166,cut2,5166,POPC,953,160.57608032226562,35.020843505859375,63.36275863647461
5166,cut2,5166,POPC,954,188.19322204589844,213.84095764160156,48.336761474609375
5166,cut2,5166,POPC,955,181.3811492919922,221.35145568847656,48.98849105834961
5166,cut2,5166,POPC,956,6.956896781921387,199.52175903320315,52.42606735229492
5166,cut2,5166,POPC,957,187.49407958984375,233.94232177734375,50.45277404785156
5166,cut2,5166,POPC,958,150.91416931152344,147.33889770507812,44.50415039062501
5166,cut2,5166,POPC,959,162.83772277832034,3.933176040649414,53.56903839111328
5166,cut2,5166,POPC,960,40.09794616699219,81.87096405029297,55.070716857910156
5166,cut2,5166,POPC,961,172.74732971191406,228.14083862304688,49.130043029785156
5166,cut2,5166,POPC,962,93.92630004882814,63.4417839050293,57.37089538574219
5166,cut2,5166,POPC,963,26.710628509521484,87.02668762207031,58.472991943359375
5166,cut2,5166,POPC,964,25.368730545043945,146.5346221923828,40.05344772338867
5166,cut2,5166,POPC,965,197.43292236328125,196.6578826904297,47.28928756713867
5166,cut2,5166,POPC,966,157.0343017578125,24.499101638793945,59.59294891357422
5166,cut2,5166,POPC,967,183.49513244628906,50.66789245605469,61.10017776489258
5166,cut2,5166,POPC,968,26.84676170349121,186.88941955566406,46.74519348144531
5166,cut2,5166,POPC,969,30.314529418945312,199.84361267089844,48.15232467651367
5166,cut2,5166,POPC,970,2.8787927627563477,41.76816940307617,61.80024337768555
5166,cut2,5166,POPC,971,121.83729553222656,58.006988525390625,53.38865280151367
5166,cut2,5166,POPC,972,136.6460723876953,15.605281829833984,55.10767364501953
5166,cut2,5166,POPC,973,82.6813735961914,127.82391357421875,37.57292938232422
5166,cut2,5166,POPC,974,169.5535125732422,8.114151954650879,54.19792938232422
5166,cut2,5166,POPC,975,-3.1831445693969727,5.652925491333008,58.791507720947266
5166,cut2,5166,POPC,976,10.952237129211426,230.20193481445312,50.88153076171875
5166,cut2,5166,POPC,977,75.82554626464844,244.95884704589844,48.21900939941406
5166,cut2,5166,POPC,978,166.0560302734375,28.929746627807617,65.42310333251953
5166,cut2,5166,POPC,979,172.8876190185547,117.95831298828125,57.77652359008789
5166,cut2,5166,POPC,980,144.07521057128906,243.6432647705078,54.74238967895508
5166,cut2,5166,POPC,981,198.29153442382812,222.02194213867188,50.4094352722168
5166,cut2,5166,POPC,982,48.39366912841797,173.1380615234375,41.97945022583008
5166,cut2,5166,POPC,983,95.92711639404297,81.75418853759766,45.59465026855469
5166,cut2,5166,POPC,984,58.12579345703125,114.58770751953125,44.87955856323242
5166,cut2,5166,POPC,985,193.9102325439453,40.24300765991211,62.44704818725586
5166,cut2,5166,POPC,986,189.2347869873047,11.31477165222168,59.86471176147461
5166,cut2,5166,POPC,987,20.624513626098633,33.17656326293945,61.951229095458984
5166,cut2,5166,POPC,988,62.533390045166016,239.74693298339844,54.09170913696289
5166,cut2,5166,POPC,989,91.7529525756836,27.255090713500977,52.38768005371094
5166,cut2,5166,POPC,990,80.75868225097656,134.8284149169922,32.83382034301758
5166,cut2,5166,POPC,991,19.808422088623047,21.63034439086914,56.050235748291016
5166,cut2,5166,POPC,992,70.89669036865234,43.16874694824219,55.115657806396484
5166,cut2,5166,POPC,993,51.58552169799805,5.194065570831299,54.74510955810547
5166,cut2,5166,POPC,994,50.353824615478516,151.69715881347656,37.11507034301758
5166,cut2,5166,POPC,995,36.084224700927734,165.8087615966797,45.12330627441406
5166,cut2,5166,POPC,996,16.63745880126953,12.277860641479492,59.41175079345703
5166,cut2,5166,POPC,997,143.61618041992188,180.68907165527344,40.24885177612305
5166,cut2,5166,POPC,998,181.80517578125,174.72740173339844,49.38260269165039
5166,cut2,5166,POPC,999,101.22128295898438,66.4256820678711,53.33461380004883
5166,cut2,5166,POPC,1000,41.26869583129883,162.32745361328125,44.73893737792969
5166,cut2,5166,POPC,1001,103.74650573730469,115.54061126708984,44.946014404296875
5166,cut2,5166,POPC,1002,23.004663467407227,58.46546173095703,57.96076965332031
5166,cut2,5166,POPC,1003,112.18869018554688,165.57730102539062,32.902587890625
5166,cut2,5166,POPC,1004,88.495361328125,19.479642868041992,53.20296859741211
5166,cut2,5166,POPC,1005,100.5623550415039,122.60880279541016,46.302974700927734
5166,cut2,5166,POPC,1006,165.64048767089844,112.25367736816406,53.53066635131836
5166,cut2,5166,POPC,1007,140.3464660644531,18.78440284729004,59.745704650878906
5166,cut2,5166,POPC,1008,29.702558517456055,46.55453109741211,63.80074691772461
5166,cut2,5166,POPC,1009,165.9276580810547,212.19857788085938,47.15305709838867
5166,cut2,5166,POPC,1010,25.829450607299805,28.245052337646484,57.71873474121094
5166,cut2,5166,POPC,1011,56.570804595947266,155.48976135253906,35.39419174194336
5166,cut2,5166,POPC,1012,192.11830139160156,202.54000854492188,44.10726547241211
5166,cut2,5166,POPC,1013,31.595216751098633,180.08200073242188,47.158599853515625
5166,cut2,5166,POPC,1014,48.68416213989258,81.03453063964845,53.232460021972656
5166,cut2,5166,POPC,1015,177.76478576660156,232.0473175048828,50.034942626953125
5166,cut2,5166,POPC,1016,-1.033805012702942,174.11676025390625,45.29034423828125
5166,cut2,5166,POPC,1017,29.387935638427734,133.91448974609378,40.702850341796875
5166,cut2,5166,POPC,1018,52.29810333251954,126.7178955078125,33.389156341552734
5166,cut2,5166,POPC,1019,178.68997192382812,141.88278198242188,57.65736389160156
5166,cut2,5166,POPC,1020,59.85794448852539,60.071475982666016,59.32913589477539
5166,cut2,5166,POPC,1021,136.2959747314453,102.08753967285156,45.174560546875
5166,cut2,5166,POPC,1022,156.71080017089844,147.31826782226562,48.129920959472656
5166,cut2,5166,POPC,1023,186.46762084960938,108.11451721191406,61.908512115478516
5166,cut2,5166,POPC,1024,125.50303649902344,8.60543441772461,52.24455642700195
5166,cut2,5166,POPC,1025,197.94236755371094,26.42418098449707,57.408992767333984
5166,cut2,5166,POPC,1026,107.45117950439453,32.90562057495117,54.67919921875
5166,cut2,5166,POPC,1027,166.40682983398438,191.76956176757812,52.083274841308594
5166,cut2,5166,POPC,1028,166.87100219726562,34.61564636230469,66.93748474121094
5166,cut2,5166,POPC,1029,100.28876495361328,41.73579788208008,51.81127166748047
5166,cut2,5166,POPC,1030,172.761474609375,109.24099731445312,58.05231475830078
5166,cut2,5166,POPC,1031,24.85828971862793,245.63624572753906,53.815731048583984
5166,cut2,5166,POPC,1032,98.16001892089844,92.9742660522461,41.25717544555664
5166,cut2,5166,POPC,1033,68.00569915771484,37.697269439697266,57.52326965332031
5166,cut2,5166,POPC,1034,42.63613510131836,220.050048828125,53.286434173583984
5166,cut2,5166,POPC,1035,134.91769409179688,175.3232879638672,36.0393180847168
5166,cut2,5166,POPC,1036,46.35696792602539,18.122743606567383,53.34102249145508
5166,cut2,5166,POPC,1037,32.778533935546875,242.9052276611328,50.28708267211914
5166,cut2,5166,POPC,1038,158.81982421875,169.68869018554688,49.69120788574219
5166,cut2,5166,POPC,1039,158.03533935546875,241.24026489257812,51.43326187133789
5166,cut2,5166,POPC,1040,144.60269165039062,141.5663299560547,42.01092529296875
5166,cut2,5166,POPC,1041,36.83530044555664,53.796112060546875,59.1846923828125
5166,cut2,5166,POPC,1042,61.517757415771484,14.455634117126465,58.588043212890625
5166,cut2,5166,POPC,1043,174.51129150390622,158.8693084716797,51.147064208984375
5166,cut2,5166,POPC,1044,23.76944923400879,158.05551147460938,42.63593292236328
5166,cut2,5166,POPC,1045,61.271629333496094,94.55665588378906,45.61652374267578
5166,cut2,5166,POPC,1046,66.81537628173828,220.74024963378906,54.74799728393555
5166,cut2,5166,POPC,1047,79.99751281738281,78.6791534423828,51.12712860107422
5166,cut2,5166,POPC,1048,27.58498764038086,240.44752502441406,51.73899459838867
5166,cut2,5166,POPC,1049,194.25767517089847,163.1656494140625,49.250308990478516
5166,cut2,5166,POPC,1050,175.26734924316406,27.108295440673828,64.76889038085938
5166,cut2,5166,POPC,1051,127.14955139160156,199.0851745605469,39.9208869934082
5166,cut2,5166,POPC,1052,167.2191619873047,129.63168334960938,53.529205322265625
5166,cut2,5166,POPC,1053,178.51483154296875,127.30643463134766,58.1571044921875
5166,cut2,5166,POPC,1054,179.3800811767578,202.05575561523438,46.2089729309082
5166,cut2,5166,POPC,1055,168.2284698486328,98.37674713134766,57.00798416137695
5166,cut2,5166,POPC,1056,1.6501492261886597,228.21414184570312,50.70539855957031
5166,cut2,5166,POPC,1057,156.74681091308594,140.62142944335938,47.41888427734375
5166,cut2,5166,POPC,1058,28.5295352935791,155.98226928710938,38.141197204589844
5166,cut2,5166,POPC,1059,196.56089782714844,238.9236297607422,55.3871955871582
5166,cut2,5166,POPC,1060,186.5133514404297,5.640185356140137,58.93113708496094
5166,cut2,5166,POPC,1061,18.60586166381836,88.24933624267578,62.22809982299805
5166,cut2,5166,POPC,1062,182.6657257080078,86.92514038085938,60.59964370727539
5166,cut2,5166,POPC,1063,179.83079528808594,212.19508361816406,49.229408264160156
5166,cut2,5166,POPC,1064,185.46270751953125,202.71112060546875,47.17576599121094
5166,cut2,5166,POPC,1065,35.48036575317383,14.875306129455566,55.096805572509766
5166,cut2,5166,POPC,1066,2.5634450912475586,189.98219299316406,43.56925582885742
5166,cut2,5166,POPC,1067,49.253047943115234,55.1207389831543,59.21078109741211
5166,cut2,5166,POPC,1068,65.44136047363281,61.70401382446289,62.021305084228516
5166,cut2,5166,POPC,1069,117.18356323242188,52.82555389404297,55.73345184326172
5166,cut2,5166,POPC,1070,101.21514129638672,88.6794662475586,39.73464584350586
5166,cut2,5166,POPC,1071,54.1310920715332,241.19981384277344,53.938777923583984
5166,cut2,5166,POPC,1072,141.27908325195312,173.11109924316403,39.91640853881836
5166,cut2,5166,POPC,1073,44.39942932128906,48.48062515258789,58.2977409362793
5166,cut2,5166,POPC,1074,185.28973388671875,23.27861976623535,62.966556549072266
5166,cut2,5166,POPC,1075,75.52288055419922,220.11224365234375,54.89582061767578
5166,cut2,5166,POPC,1076,9.950291633605957,57.421749114990234,63.811275482177734
5166,cut2,5166,POPC,1077,148.11122131347656,12.276260375976562,54.18941879272461
5166,cut2,5166,POPC,1078,36.4866943359375,232.4866943359375,52.63694763183594
5166,cut2,5166,POPC,1079,65.40140533447266,48.02415084838867,61.288265228271484
5166,cut2,5166,POPC,1080,72.0223388671875,2.815808057785034,52.5483283996582
5166,cut2,5166,POPC,1081,193.29861450195312,98.17071533203125,64.73128509521484
5166,cut2,5166,POPC,1082,13.332911491394043,203.77098083496094,50.184761047363274
5166,cut2,5166,POPC,1083,69.77104187011719,191.19338989257812,37.18233871459961
5166,cut2,5166,POPC,1084,159.5942840576172,15.122550010681152,55.49340057373047
5166,cut2,5166,POPC,1085,169.7696075439453,24.879249572753906,68.70216369628906
5166,cut2,5166,POPC,1086,161.39776611328125,196.09930419921875,50.305904388427734
5166,cut2,5166,POPC,1087,155.39413452148438,164.6135711669922,46.78669357299805
5166,cut2,5166,POPC,1088,159.30508422851562,131.65809631347656,47.49495315551758
5166,cut2,5166,POPC,1089,33.49862289428711,82.22041320800781,56.883758544921875
5166,cut2,5166,POPC,1090,168.03054809570312,154.9069061279297,53.9891357421875
5166,cut2,5166,POPC,1091,22.700557708740234,222.25430297851562,49.942054748535156
5166,cut2,5166,POPC,1092,155.04193115234375,38.76605224609375,66.27467346191406
5166,cut2,5166,POPC,1093,91.7054672241211,186.03578186035156,36.50922775268555
5166,cut2,5166,POPC,1094,65.12675476074219,72.26285552978516,51.430423736572266
5166,cut2,5166,POPC,1095,81.45310974121094,18.908048629760742,55.15598678588867
5166,cut2,5166,POPC,1096,129.21585083007812,137.89004516601562,37.76015090942383
5166,cut2,5166,POPC,1097,166.35728454589844,133.66043090820312,56.15058898925781
5166,cut2,5166,POPC,1098,72.00881958007812,10.175796508789062,54.109195709228516
5166,cut2,5166,POPC,1099,168.59976196289062,-3.4670069217681885,53.292842864990234
5166,cut2,5166,POPC,1100,50.89108657836914,39.511268615722656,60.39768600463867
5166,cut2,5166,POPC,1101,113.59983825683594,38.6938591003418,56.82305908203125
5166,cut2,5166,POPC,1102,149.587158203125,1.1191245317459106,54.41294479370117
5166,cut2,5166,POPC,1103,7.436589241027832,244.84217834472656,55.54859924316406
5166,cut2,5166,POPC,1104,132.9219207763672,18.64339256286621,57.48777389526367
5166,cut2,5166,POPC,1105,90.09407806396484,79.90833282470703,49.5741081237793
5166,cut2,5166,POPC,1106,34.03925323486328,207.0358428955078,51.69625473022461
5166,cut2,5166,POPC,1107,108.64464569091797,181.80715942382812,31.3126163482666
5166,cut2,5166,POPC,1108,148.8311309814453,182.00389099121094,44.7448616027832
5166,cut2,5166,POPC,1109,193.63650512695312,113.32876586914062,60.08720016479492
5166,cut2,5166,POPC,1110,127.45963287353516,19.598064422607422,54.72958755493164
5166,cut2,5166,POPC,1111,72.56111907958984,149.57118225097656,38.66476821899414
5166,cut2,5166,POPC,1112,7.995333671569824,91.63563537597656,56.17940139770508
5166,cut2,5166,POPC,1113,185.26339721679688,238.6945343017578,55.61930465698242
5166,cut2,5166,POPC,1114,9.853301048278809,208.6105499267578,50.46076965332031
5166,cut2,5166,POPC,1115,51.82018280029297,175.47381591796875,38.43889617919922
5166,cut2,5166,POPC,1116,8.819525718688965,7.331051826477051,55.2005729675293
5166,cut2,5166,POPC,1117,189.05540466308594,27.750181198120117,60.474185943603516
5166,cut2,5166,POPC,1118,32.65400695800781,40.48012924194336,61.84567642211914
5166,cut2,5166,POPC,1119,191.35687255859375,90.08900451660156,63.74464797973633
5166,cut2,5166,POPC,1120,134.32875061035156,196.4623565673828,36.67067337036133
5166,cut2,5166,POPC,1121,114.95899200439453,97.91544342041016,35.26060104370117
5166,cut2,5166,POPC,1122,71.14451599121094,52.04779052734375,60.26600646972656
5166,cut2,5166,POPC,1123,150.3949737548828,230.25424194335938,55.124874114990234
5166,cut2,5166,POPC,1124,4.6469526290893555,235.58717346191406,52.38111877441406
5166,cut2,5166,POPC,1125,55.496009826660156,134.89300537109375,31.87453269958496
5166,cut2,5166,POPC,1126,114.91676330566406,172.96246337890625,30.905672073364258
5166,cut2,5166,POPC,1127,39.45423889160156,26.759119033813477,53.57722091674805
5166,cut2,5166,POPC,1128,30.186054229736328,223.85562133789062,46.34577560424805
5166,cut2,5166,POPC,1129,87.30384826660156,61.89228820800781,56.65603256225586
5166,cut2,5166,POPC,1130,103.01551818847656,179.7109832763672,29.986101150512695
5166,cut2,5166,POPC,1131,195.55496215820312,94.89229583740234,61.40898513793945
5166,cut2,5166,POPC,1132,35.23517608642578,74.45039367675781,54.14908218383789
5166,cut2,5166,POPC,1133,12.60377025604248,197.36044311523438,49.211917877197266
5166,cut2,5166,POPC,1134,51.982784271240234,19.61807632446289,55.527095794677734
5166,cut2,5166,POPC,1135,84.3701171875,53.4581413269043,56.294425964355476
5166,cut2,5166,POPC,1136,141.4281311035156,153.3428955078125,40.124515533447266
5166,cut2,5166,POPC,1137,23.63962745666504,79.49005889892578,57.7889289855957
5166,cut2,5166,POPC,1138,182.63311767578125,114.34501647949219,65.63546752929688
5166,cut2,5166,POPC,1139,25.7971134185791,172.17884826660156,45.5461540222168
5166,cut2,5166,POPC,1140,46.449440002441406,36.337120056152344,55.99536895751953
5166,cut2,5166,POPC,1141,93.9339828491211,128.70181274414062,46.3249397277832
5166,cut2,5166,POPC,1142,43.77660369873047,40.49116897583008,62.7264518737793
5166,cut2,5166,POPC,1143,179.2655029296875,24.71603775024414,61.976497650146484
5166,cut2,5166,SAPI,1144,89.7547836303711,55.03582000732422,51.79693603515625
5166,cut2,5166,SAPI,1145,65.82001495361328,136.3282012939453,35.447669982910156
5166,cut2,5166,SAPI,1146,120.97998046875,41.533172607421875,60.02040100097656
5166,cut2,5166,SAPI,1147,8.562344551086426,49.748592376708984,60.66791534423828
5166,cut2,5166,SAPI,1148,31.228965759277344,140.34201049804688,40.85536193847656
5166,cut2,5166,SAPI,1149,6.111649513244629,155.78924560546875,48.252098083496094
5166,cut2,5166,SAPI,1150,172.09649658203125,144.0899658203125,56.13658905029297
5166,cut2,5166,SAPI,1151,110.2685317993164,159.64521789550778,28.864238739013672
5166,cut2,5166,SAPI,1152,6.3737382888793945,135.97731018066406,48.987674713134766
5166,cut2,5166,SAPI,1153,77.93877410888672,205.9947509765625,45.432640075683594
5166,cut2,5166,SAPI,1154,83.64036560058594,6.18050479888916,53.84596633911132
5166,cut2,5166,SAPI,1155,148.1779022216797,31.902992248535156,62.94608688354492
5166,cut2,5166,SAPI,1156,127.08686065673828,144.2967529296875,35.95494842529297
5166,cut2,5166,SAPI,1157,138.83480834960938,28.770631790161133,57.616981506347656
5166,cut2,5166,SAPI,1158,187.2332000732422,97.32626342773438,65.3309555053711
5166,cut2,5166,SAPI,1159,80.74193572998047,84.4322280883789,45.270835876464844
5166,cut2,5166,SAPI,1160,131.07473754882812,219.8126983642578,46.411773681640625
5166,cut2,5166,SAPI,1161,75.4560775756836,90.53776550292969,45.73331069946289
5166,cut2,5166,SAPI,1162,134.71731567382812,129.47543334960938,39.69175338745117
5166,cut2,5166,SAPI,1163,163.32594299316406,94.4356460571289,56.12544631958008
5166,cut2,5166,SAPI,1164,163.71470642089844,119.56156921386719,50.755393981933594
5166,cut2,5166,SAPI,1165,151.80560302734375,105.3376235961914,54.86511993408203
5166,cut2,5166,SAPI,1166,6.86405086517334,99.28297424316406,55.250450134277344
5166,cut2,5166,SAPI,1167,170.60890197753906,232.79193115234375,53.370384216308594
5166,cut2,5166,SAPI,1168,152.95677185058594,7.622957706451416,52.70226287841797
5166,cut2,5166,SAPI,1169,163.76502990722656,64.18264770507812,61.29227828979492
5166,cut2,5166,SAPI,1170,76.05653381347656,192.57765197753906,40.750675201416016
5166,cut2,5166,SAPI,1171,95.25667572021486,226.74696350097656,56.527698516845696
5166,cut2,5166,SAPI,1172,102.90377807617188,164.5867462158203,29.7424373626709
5166,cut2,5166,SAPI,1173,144.6500701904297,23.829397201538086,56.90961837768555
5166,cut2,5166,SAPI,1174,88.48731231689453,85.79065704345703,43.2072868347168
5166,cut2,5166,SAPI,1175,89.28062438964844,210.90823364257812,50.62044143676758
5166,cut2,5166,SAPI,1176,132.00596618652344,-1.3556056022644043,56.27118682861328
5166,cut2,5166,SAPI,1177,29.22616958618164,18.21054458618164,53.22931671142579
5166,cut2,5166,SAPI,1178,73.30077362060547,161.80833435058594,36.074241638183594
5166,cut2,5166,SAPI,1179,117.38459777832031,243.87481689453125,53.63165283203125
5166,cut2,5166,SAPI,1180,125.16122436523438,149.52017211914062,35.62949752807617
5166,cut2,5166,SAPI,1181,57.73714828491211,117.59642028808594,34.498130798339844
