,System,Frame,Resname,Resnum,X,Y,Z
6283,cut2,6283,POPC,0,193.99064636230472,72.93244934082031,102.08790588378906
6283,cut2,6283,POPC,1,37.88859558105469,241.24411010742188,88.1209945678711
6283,cut2,6283,POPC,2,159.11427307128906,29.627714157104492,98.39668273925781
6283,cut2,6283,POPC,3,127.49674987792969,129.10845947265625,88.28460693359375
6283,cut2,6283,POPC,4,7.86149263381958,219.92515563964844,98.00220489501953
6283,cut2,6283,POPC,5,148.9903717041016,182.16539001464844,83.56324768066406
6283,cut2,6283,POPC,6,168.15911865234375,11.62181568145752,98.40271759033203
6283,cut2,6283,POPC,7,36.86272430419922,26.805185317993164,94.48218536376953
6283,cut2,6283,POPC,8,28.221590042114258,186.58570861816406,87.78910064697266
6283,cut2,6283,POPC,9,143.67057800292972,143.37600708007812,88.43863677978516
6283,cut2,6283,POPC,10,104.24187469482422,183.19912719726562,70.4556884765625
6283,cut2,6283,POPC,11,14.284961700439453,161.2870635986328,84.85607147216797
6283,cut2,6283,POPC,12,187.46136474609375,172.87637329101562,90.41210174560547
6283,cut2,6283,POPC,13,145.04083251953125,214.26171875,87.87071990966797
6283,cut2,6283,POPC,14,124.12645721435547,170.48521423339844,73.31964874267578
6283,cut2,6283,POPC,15,37.21476364135742,35.248329162597656,96.85809326171874
6283,cut2,6283,POPC,16,75.87224578857422,146.21023559570312,73.22251892089844
6283,cut2,6283,POPC,17,102.27305603027345,76.21359252929688,83.18103790283203
6283,cut2,6283,POPC,18,15.839481353759766,77.21346282958984,101.14327239990234
6283,cut2,6283,POPC,19,91.0340805053711,41.013450622558594,94.3581771850586
6283,cut2,6283,POPC,20,108.90287780761719,209.86561584472656,76.995849609375
6283,cut2,6283,POPC,21,134.40606689453125,69.84639739990234,86.54328918457031
6283,cut2,6283,POPC,22,91.7735824584961,241.2459716796875,90.25377655029297
6283,cut2,6283,POPC,23,77.47853088378906,27.274765014648438,88.3407974243164
6283,cut2,6283,POPC,24,9.334421157836914,43.5560188293457,97.00167846679688
6283,cut2,6283,POPC,25,137.60804748535156,216.09542846679688,83.5933837890625
6283,cut2,6283,POPC,26,70.03084564208984,141.32473754882815,71.57096099853516
6283,cut2,6283,POPC,27,55.59456253051758,175.78854370117188,76.5239486694336
6283,cut2,6283,POPC,28,76.5364761352539,163.12774658203125,75.63093566894531
6283,cut2,6283,POPC,29,61.94416809082031,80.22930908203125,89.61784362792969
6283,cut2,6283,POPC,30,63.045223236083984,206.7793731689453,86.10590362548828
6283,cut2,6283,POPC,31,130.39784240722656,211.2523956298828,80.48177337646484
6283,cut2,6283,POPC,32,25.4022159576416,12.871932029724121,96.45922088623047
6283,cut2,6283,POPC,33,114.29354858398438,81.56098937988281,79.37490844726562
6283,cut2,6283,POPC,34,42.590599060058594,160.57371520996094,80.22319793701172
6283,cut2,6283,POPC,35,158.55772399902344,52.02320861816406,94.0672836303711
6283,cut2,6283,POPC,36,78.97533416748047,52.17426681518555,89.42788696289062
6283,cut2,6283,POPC,37,162.42189025878906,227.72482299804688,95.16724395751953
6283,cut2,6283,POPC,38,48.15239715576172,216.90670776367188,89.17085266113281
6283,cut2,6283,POPC,39,49.40114974975586,39.07949447631836,91.83334350585938
6283,cut2,6283,POPC,40,117.92787170410156,76.68154907226562,82.84790802001953
6283,cut2,6283,POPC,41,121.2352066040039,53.00749588012695,90.21092987060547
6283,cut2,6283,POPC,42,164.0362548828125,123.11343383789062,95.68234252929688
6283,cut2,6283,POPC,43,26.217458724975586,86.66983032226562,95.52696228027344
6283,cut2,6283,POPC,44,31.213178634643555,215.73458862304688,91.98026275634766
6283,cut2,6283,POPC,45,29.342756271362305,8.698522567749023,95.76757049560547
6283,cut2,6283,POPC,46,1.858679175376892,169.7041473388672,84.75320434570311
6283,cut2,6283,POPC,47,175.38720703125,85.58531951904297,103.5280532836914
6283,cut2,6283,POPC,48,81.31932830810547,72.25955200195312,89.40825653076172
6283,cut2,6283,POPC,49,58.01181411743164,17.295528411865234,85.8643569946289
6283,cut2,6283,POPC,50,73.48627471923828,181.94476318359375,77.10205841064453
6283,cut2,6283,POPC,51,100.41041564941406,188.0765838623047,68.85250854492188
6283,cut2,6283,POPC,52,137.61802673339844,61.73500061035156,89.706787109375
6283,cut2,6283,POPC,53,190.32086181640625,3.2753868103027344,98.97457885742188
6283,cut2,6283,POPC,54,123.36426544189453,178.43373107910156,76.84757232666016
6283,cut2,6283,POPC,55,123.8211669921875,187.70907592773438,74.43378448486328
6283,cut2,6283,POPC,56,30.035356521606445,55.3756217956543,92.27974700927734
6283,cut2,6283,POPC,57,185.17254638671875,189.84596252441406,91.66932678222656
6283,cut2,6283,POPC,58,16.343835830688477,143.33006286621094,84.0607681274414
6283,cut2,6283,POPC,59,156.06565856933594,183.27989196777344,88.38076782226562
6283,cut2,6283,POPC,60,119.81275177001953,182.55628967285153,75.22903442382812
6283,cut2,6283,POPC,61,0.3352149724960327,200.23867797851562,95.35010528564453
6283,cut2,6283,POPC,62,91.2281723022461,84.97782897949219,83.40230560302734
6283,cut2,6283,POPC,63,176.5814971923828,223.73158264160156,92.12342071533203
6283,cut2,6283,POPC,64,105.5619125366211,148.14500427246094,64.8812026977539
6283,cut2,6283,POPC,65,43.79250717163086,76.25863647460938,92.4677734375
6283,cut2,6283,POPC,66,37.51944351196289,227.60641479492188,86.04022979736328
6283,cut2,6283,POPC,67,182.9380340576172,176.13075256347656,90.01901245117188
6283,cut2,6283,POPC,68,110.53456115722656,178.5304718017578,71.52247619628906
6283,cut2,6283,POPC,69,110.75030517578125,54.26279067993164,92.91569519042969
6283,cut2,6283,POPC,70,103.90657043457031,199.4619903564453,47.9224739074707
6283,cut2,6283,POPC,71,168.61045837402344,88.59729766845703,100.05611419677734
6283,cut2,6283,POPC,72,176.2662353515625,103.93048095703125,99.57513427734375
6283,cut2,6283,POPC,73,199.7039031982422,132.31298828125,82.59022521972656
6283,cut2,6283,POPC,74,119.47892761230469,197.97262573242188,80.7254867553711
6283,cut2,6283,POPC,75,45.79876708984375,142.65916442871094,72.25751495361328
6283,cut2,6283,POPC,76,171.84005737304688,187.59869384765625,89.63923645019531
6283,cut2,6283,POPC,77,129.96664428710938,-4.812244415283203,93.26879119873047
6283,cut2,6283,POPC,78,170.36190795898438,155.17454528808594,89.53758239746094
6283,cut2,6283,POPC,79,2.9860291481018066,88.05783081054688,56.197479248046875
6283,cut2,6283,POPC,80,79.66761016845703,6.7333221435546875,92.11752319335938
6283,cut2,6283,POPC,81,62.63457107543945,180.38980102539062,81.17300415039062
6283,cut2,6283,POPC,82,200.6654510498047,47.32189178466797,96.6693115234375
6283,cut2,6283,POPC,83,38.692970275878906,234.37741088867188,89.31562805175781
6283,cut2,6283,POPC,84,63.41572952270508,166.32220458984375,77.776611328125
6283,cut2,6283,POPC,85,91.69145202636719,94.2206039428711,82.15235137939453
6283,cut2,6283,POPC,86,52.73751449584961,100.3048095703125,86.8559799194336
6283,cut2,6283,POPC,87,29.28938865661621,61.96430587768555,97.62519836425781
6283,cut2,6283,POPC,88,136.72093200683594,201.5806121826172,82.0545425415039
6283,cut2,6283,POPC,89,185.24252319335938,237.27362060546875,99.29869842529297
6283,cut2,6283,POPC,90,10.967252731323242,50.47285842895508,96.97272491455078
6283,cut2,6283,POPC,91,108.29436492919922,156.798828125,66.54765319824219
6283,cut2,6283,POPC,92,178.5694122314453,-3.6840505599975586,100.01508331298828
6283,cut2,6283,POPC,93,189.92454528808594,226.92987060546875,95.84915924072266
6283,cut2,6283,POPC,94,128.33689880371094,176.13621520996094,81.06114959716797
6283,cut2,6283,POPC,95,140.76026916503906,110.57939910888672,83.93010711669922
6283,cut2,6283,POPC,96,110.20270538330078,125.20344543457031,49.820213317871094
6283,cut2,6283,POPC,97,49.845054626464844,91.90504455566406,91.13916015625
6283,cut2,6283,POPC,98,112.12765502929688,37.81318664550781,94.51592254638672
6283,cut2,6283,POPC,99,11.097959518432617,59.72529602050781,100.33312225341797
6283,cut2,6283,POPC,100,36.90554428100586,61.373104095458984,93.80506134033203
6283,cut2,6283,POPC,101,107.30406188964844,145.25904846191406,75.93062591552734
6283,cut2,6283,POPC,102,115.43693542480469,187.82296752929688,74.2055892944336
6283,cut2,6283,POPC,103,93.44457244873047,46.3170166015625,92.66809844970703
6283,cut2,6283,POPC,104,180.9485931396484,227.8785400390625,93.30216979980469
6283,cut2,6283,POPC,105,22.92169189453125,99.74807739257812,88.8150634765625
6283,cut2,6283,POPC,106,130.7857208251953,183.44964599609375,77.75337982177734
6283,cut2,6283,POPC,107,85.99427795410156,60.76667404174805,89.4776382446289
6283,cut2,6283,POPC,108,115.35071563720703,46.76384353637695,91.97888946533203
6283,cut2,6283,POPC,109,141.4756317138672,25.736711502075195,94.4533920288086
6283,cut2,6283,POPC,110,23.307607650756836,2.7894163131713867,99.10283660888672
6283,cut2,6283,POPC,111,124.51136779785156,97.6942367553711,78.66832733154297
6283,cut2,6283,POPC,112,57.532249450683594,73.4874267578125,92.39917755126953
6283,cut2,6283,POPC,113,107.66795349121094,11.514466285705566,99.4845199584961
6283,cut2,6283,POPC,114,53.50220489501953,14.436295509338379,87.12535858154297
6283,cut2,6283,POPC,115,191.7292938232422,35.60403442382812,99.98454284667969
6283,cut2,6283,POPC,116,116.08698272705078,86.91407775878906,78.18250274658203
6283,cut2,6283,POPC,117,105.27815246582031,204.1897430419922,76.16979217529297
6283,cut2,6283,POPC,118,14.916963577270508,55.12925720214844,96.1462631225586
6283,cut2,6283,POPC,119,63.95906066894531,71.92525482177734,91.11105346679689
6283,cut2,6283,POPC,120,143.303955078125,228.90757751464844,88.58743286132812
6283,cut2,6283,POPC,121,23.505104064941406,204.0561981201172,88.78591918945312
6283,cut2,6283,POPC,122,68.29473876953125,77.83196258544922,87.8744125366211
6283,cut2,6283,POPC,123,137.01272583007812,195.29054260253906,82.51937103271484
6283,cut2,6283,POPC,124,133.44793701171875,127.2617416381836,83.28077697753906
6283,cut2,6283,POPC,125,77.33213806152344,18.284141540527344,89.871337890625
6283,cut2,6283,POPC,126,71.61019897460938,65.35984802246094,94.74559020996094
6283,cut2,6283,POPC,127,35.02291488647461,170.28982543945312,79.40167236328125
6283,cut2,6283,POPC,128,156.32437133789062,164.55921936035156,84.16922760009766
6283,cut2,6283,POPC,129,7.8042073249816895,195.00625610351562,95.81842041015625
6283,cut2,6283,POPC,130,51.17524337768555,2.1508946418762207,50.3990592956543
6283,cut2,6283,POPC,131,102.42627716064453,138.994873046875,46.649131774902344
6283,cut2,6283,POPC,132,86.70977020263672,240.84619140625,90.63391876220703
6283,cut2,6283,POPC,133,199.5642852783203,8.750631332397461,100.04779815673828
6283,cut2,6283,POPC,134,34.111995697021484,47.15146255493164,96.3508529663086
6283,cut2,6283,POPC,135,122.34425354003906,205.444091796875,81.54598999023438
6283,cut2,6283,POPC,136,53.63893127441406,55.59687423706055,90.42049407958984
6283,cut2,6283,POPC,137,34.107460021972656,75.79009246826172,97.6485824584961
6283,cut2,6283,POPC,138,190.9055633544922,190.09503173828125,92.58606719970703
6283,cut2,6283,POPC,139,157.4974365234375,155.75852966308594,86.91986846923828
6283,cut2,6283,POPC,140,5.615400791168213,65.16250610351562,102.11810302734375
6283,cut2,6283,POPC,141,191.123779296875,42.09454345703125,99.17292022705078
6283,cut2,6283,POPC,142,52.45539093017578,149.76251220703125,74.2077407836914
6283,cut2,6283,POPC,143,193.1033477783203,196.72940063476565,92.72966766357422
6283,cut2,6283,POPC,144,129.6208038330078,117.8268051147461,83.75704956054688
6283,cut2,6283,POPC,145,2.977968692779541,106.00064086914062,97.11315155029297
6283,cut2,6283,POPC,146,108.34756469726562,67.90579986572266,84.3291244506836
6283,cut2,6283,POPC,147,165.47833251953125,94.5142822265625,97.51866912841797
6283,cut2,6283,POPC,148,16.705142974853516,22.220891952514645,96.64041137695312
6283,cut2,6283,POPC,149,30.601709365844727,235.99252319335938,89.25569915771484
6283,cut2,6283,POPC,150,137.71104431152344,74.30587005615234,84.74089813232422
6283,cut2,6283,POPC,151,198.57728576660156,52.83444595336914,97.88774108886719
6283,cut2,6283,POPC,152,185.61181640625,24.327627182006836,101.73893737792969
6283,cut2,6283,POPC,153,163.9708251953125,112.38885498046875,92.30754089355469
6283,cut2,6283,POPC,154,130.8143310546875,160.42271423339844,82.08627319335938
6283,cut2,6283,POPC,155,36.83655548095703,161.50941467285156,80.31822204589845
6283,cut2,6283,POPC,156,17.79103660583496,97.5257797241211,91.9098892211914
6283,cut2,6283,POPC,157,75.63479614257812,92.1273193359375,87.14566802978516
6283,cut2,6283,POPC,158,21.16347312927246,25.708057403564453,95.18421936035156
6283,cut2,6283,POPC,159,43.831512451171875,151.33518981933594,74.11420440673828
6283,cut2,6283,POPC,160,8.193212509155273,71.85797119140625,101.05357360839844
6283,cut2,6283,POPC,161,30.388505935668945,198.43626403808594,86.1270980834961
6283,cut2,6283,POPC,162,101.81196594238281,116.82057189941406,81.88671112060547
6283,cut2,6283,POPC,163,60.73344039916992,152.3856506347656,75.01624298095703
6283,cut2,6283,POPC,164,126.36238861083984,2.7649593353271484,88.15754699707031
6283,cut2,6283,POPC,165,28.06201171875,163.41668701171875,79.30986022949219
6283,cut2,6283,POPC,166,163.89793395996094,56.82222366333008,102.15837097167969
6283,cut2,6283,POPC,167,163.50999450683594,22.667192459106445,100.0597915649414
6283,cut2,6283,POPC,168,8.914033889770508,163.3314971923828,85.95220184326172
6283,cut2,6283,POPC,169,44.46407699584961,192.21408081054688,86.90524291992188
6283,cut2,6283,POPC,170,78.5933837890625,238.83897399902344,87.46556854248047
6283,cut2,6283,POPC,171,150.3787384033203,127.77003479003906,94.43391418457031
6283,cut2,6283,POPC,172,32.287784576416016,66.97750854492188,94.93146514892578
6283,cut2,6283,POPC,173,66.85231018066406,96.39471435546875,87.82931518554688
6283,cut2,6283,POPC,174,195.92803955078125,137.71795654296875,89.19744873046875
6283,cut2,6283,POPC,175,144.4503936767578,196.44837951660156,84.00951385498047
6283,cut2,6283,POPC,176,21.568979263305664,57.11754608154296,97.04866790771484
6283,cut2,6283,POPC,177,104.83575439453125,92.23057556152344,82.18834686279297
6283,cut2,6283,POPC,178,108.18681335449219,48.87663269042969,94.08480834960936
6283,cut2,6283,POPC,179,192.75405883789062,217.61819458007812,92.0773239135742
6283,cut2,6283,POPC,180,47.5184440612793,229.23864746093753,88.61752319335938
6283,cut2,6283,POPC,181,95.37307739257812,52.098915100097656,91.57183837890625
6283,cut2,6283,POPC,182,61.61318588256836,98.43382263183594,87.35128021240234
6283,cut2,6283,POPC,183,169.1461639404297,117.87328338623047,93.28472137451172
6283,cut2,6283,POPC,184,122.39231872558594,47.509647369384766,88.57469940185547
6283,cut2,6283,POPC,185,198.1383514404297,90.99359893798828,100.0138931274414
6283,cut2,6283,POPC,186,101.86886596679688,126.73320770263672,80.03025817871094
6283,cut2,6283,POPC,187,161.52255249023438,208.030517578125,87.55867767333984
6283,cut2,6283,POPC,188,53.12941360473633,22.712699890136722,89.98225402832031
6283,cut2,6283,POPC,189,124.89813995361328,61.93313217163086,86.36727905273438
6283,cut2,6283,POPC,190,194.01107788085938,203.8618927001953,91.2180404663086
6283,cut2,6283,POPC,191,128.1437225341797,86.2685775756836,78.93865203857422
6283,cut2,6283,POPC,192,43.93576049804688,218.03353881835938,48.83940505981445
6283,cut2,6283,POPC,193,175.30589294433594,108.84561920166016,95.79841613769531
6283,cut2,6283,POPC,194,2.6246933937072754,231.6409912109375,97.28887176513672
6283,cut2,6283,POPC,195,56.2270393371582,235.15399169921875,89.56372833251953
6283,cut2,6283,POPC,196,37.49655532836914,91.74689483642578,97.29185485839844
6283,cut2,6283,POPC,197,177.41476440429688,77.07176208496094,102.73860931396484
6283,cut2,6283,POPC,198,38.133792877197266,200.05657958984375,87.91800689697266
6283,cut2,6283,POPC,199,67.9518051147461,58.089115142822266,90.1869888305664
6283,cut2,6283,POPC,200,21.777999877929688,228.0974884033203,96.23340606689453
6283,cut2,6283,POPC,201,107.07743072509766,27.83002471923828,95.02498626708984
6283,cut2,6283,POPC,202,170.9129180908203,10.387205123901367,60.591373443603516
6283,cut2,6283,POPC,203,89.0069580078125,76.0374526977539,87.44868469238281
6283,cut2,6283,POPC,204,128.6837158203125,167.40260314941403,82.69922637939453
6283,cut2,6283,POPC,205,167.66427612304688,236.6812744140625,95.705810546875
6283,cut2,6283,POPC,206,191.92291259765625,232.55067443847656,97.19234466552734
6283,cut2,6283,POPC,207,167.60025024414062,164.1392364501953,88.08621215820312
6283,cut2,6283,POPC,208,167.4130401611328,227.33016967773438,94.64202117919922
6283,cut2,6283,POPC,209,75.96021270751953,15.234762191772461,85.88677978515625
6283,cut2,6283,POPC,210,63.683128356933594,223.51414489746094,88.20951843261719
6283,cut2,6283,POPC,211,196.20436096191406,104.7741928100586,97.01360321044922
6283,cut2,6283,POPC,212,144.3153533935547,159.04302978515625,83.0814208984375
6283,cut2,6283,POPC,213,181.26368713378906,46.132686614990234,98.21686553955078
6283,cut2,6283,POPC,214,2.101614475250244,160.417724609375,85.33389282226561
6283,cut2,6283,POPC,215,72.83148193359375,31.351451873779297,88.86067199707031
6283,cut2,6283,POPC,216,154.4193572998047,24.39548683166504,99.76020812988281
6283,cut2,6283,POPC,217,14.691667556762695,86.35015106201172,97.16278839111328
6283,cut2,6283,POPC,218,139.9105224609375,125.90326690673828,87.87667846679688
6283,cut2,6283,POPC,219,106.33961486816406,40.58701705932617,94.28742980957031
6283,cut2,6283,POPC,220,92.54918670654297,33.30486297607422,95.30488586425781
6283,cut2,6283,POPC,221,140.33819580078125,116.23253631591797,86.31201934814453
6283,cut2,6283,POPC,222,62.12297821044922,91.58008575439453,90.13548278808594
6283,cut2,6283,POPC,223,92.9231948852539,123.89630889892578,83.14600372314453
6283,cut2,6283,POPC,224,169.41395568847656,74.00725555419922,101.0945053100586
6283,cut2,6283,POPC,225,168.6556396484375,202.2054901123047,92.24752044677734
6283,cut2,6283,POPC,226,180.0604248046875,173.1079559326172,85.51885223388672
6283,cut2,6283,POPC,227,18.11134910583496,127.00366973876953,78.53325653076172
6283,cut2,6283,POPC,228,181.72669982910156,32.686580657958984,104.12361145019531
6283,cut2,6283,POPC,229,76.23785400390625,106.01946258544922,82.90666961669922
6283,cut2,6283,POPC,230,187.43666076660156,157.94544982910156,86.54391479492188
6283,cut2,6283,POPC,231,179.37657165527344,98.4292221069336,98.88096618652344
6283,cut2,6283,POPC,232,158.33441162109375,193.52879333496094,51.63251876831055
6283,cut2,6283,POPC,233,163.60726928710938,168.51365661621094,87.7462387084961
6283,cut2,6283,POPC,234,28.51975440979004,227.77635192871094,90.08380126953125
6283,cut2,6283,POPC,235,194.03562927246094,222.6378936767578,92.56318664550781
6283,cut2,6283,POPC,236,64.27468872070312,54.250587463378906,87.79759979248047
6283,cut2,6283,POPC,237,151.80775451660156,145.1688995361328,87.0748291015625
6283,cut2,6283,POPC,238,66.49496459960938,86.42327880859375,89.25202941894531
6283,cut2,6283,POPC,239,43.21574020385742,184.37107849121094,84.4153823852539
6283,cut2,6283,POPC,240,44.24208068847656,130.37344360351562,77.75341796875
6283,cut2,6283,POPC,241,7.79949426651001,10.561860084533691,99.29228210449219
6283,cut2,6283,POPC,242,41.63733673095703,93.54679870605469,93.49987030029297
6283,cut2,6283,POPC,243,120.5552749633789,90.92294311523438,79.34285736083984
6283,cut2,6283,POPC,244,80.92982482910155,139.16502380371094,70.83806610107422
6283,cut2,6283,POPC,245,15.773422241210938,197.47714233398438,93.44425964355469
6283,cut2,6283,POPC,246,109.30659484863281,73.90740203857422,82.07320404052734
6283,cut2,6283,POPC,247,85.9846420288086,235.29954528808594,50.497867584228516
6283,cut2,6283,POPC,248,20.398639678955078,83.61003112792969,97.75083923339844
6283,cut2,6283,POPC,249,51.796592712402344,35.477523803710945,87.08685302734375
6283,cut2,6283,POPC,250,2.7162652015686035,74.11290740966797,100.31200408935547
6283,cut2,6283,POPC,251,128.6776885986328,44.32876205444336,86.58690643310547
6283,cut2,6283,POPC,252,142.21847534179688,102.5181884765625,78.01608276367188
6283,cut2,6283,POPC,253,198.2672119140625,100.30516815185547,100.23455810546875
6283,cut2,6283,POPC,254,22.857351303100586,125.95355224609375,74.14382934570312
6283,cut2,6283,POPC,255,69.66254425048828,227.82667541503906,87.13835906982422
6283,cut2,6283,POPC,256,157.15164184570312,140.82284545898438,89.54331207275392
6283,cut2,6283,POPC,257,97.93331146240234,89.74342346191406,80.475830078125
6283,cut2,6283,POPC,258,44.01260757446289,210.94808959960938,89.37390899658203
6283,cut2,6283,POPC,259,53.779808044433594,136.35694885253906,68.52349090576172
6283,cut2,6283,POPC,260,24.983972549438477,73.9023666381836,96.35912322998048
6283,cut2,6283,POPC,261,79.19499969482422,59.45394515991211,87.70584106445312
6283,cut2,6283,POPC,262,58.315555572509766,102.67277526855469,83.2042236328125
6283,cut2,6283,POPC,263,94.13368225097656,80.29517364501953,81.97359466552734
6283,cut2,6283,POPC,264,98.98767852783203,99.24081420898438,80.90689086914062
6283,cut2,6283,POPC,265,38.405548095703125,49.06916046142578,91.45293426513672
6283,cut2,6283,POPC,266,174.60897827148438,117.87991333007812,92.35594940185547
6283,cut2,6283,POPC,267,73.15898132324219,202.98892211914062,83.2886962890625
6283,cut2,6283,POPC,268,126.18486785888672,166.0591583251953,77.1966323852539
6283,cut2,6283,POPC,269,101.02728271484375,168.0179901123047,67.64287567138672
6283,cut2,6283,POPC,270,131.3478240966797,20.58793067932129,95.77694702148438
6283,cut2,6283,POPC,271,23.396305084228516,143.3425750732422,81.7776870727539
6283,cut2,6283,POPC,272,6.295401096343994,146.45504760742188,85.56564331054688
6283,cut2,6283,POPC,273,7.4329400062561035,87.80835723876953,100.52389526367188
6283,cut2,6283,POPC,274,40.50079345703125,53.55706024169922,90.979248046875
6283,cut2,6283,POPC,275,148.03497314453125,130.4788818359375,89.82756042480469
6283,cut2,6283,POPC,276,165.31814575195312,140.78706359863278,44.65679931640625
6283,cut2,6283,POPC,277,80.6422119140625,233.29946899414062,88.80751037597656
6283,cut2,6283,POPC,278,106.05611419677734,99.28936767578125,77.94426727294922
6283,cut2,6283,POPC,279,153.63925170898438,14.963603019714355,97.46357727050783
6283,cut2,6283,POPC,280,184.24195861816406,220.3694305419922,91.67405700683594
6283,cut2,6283,POPC,281,27.0627384185791,174.6937255859375,82.6266098022461
6283,cut2,6283,POPC,282,100.15843963623047,195.12486267089844,72.52201843261719
6283,cut2,6283,POPC,283,87.75787353515625,89.88737487792969,84.42178344726562
6283,cut2,6283,POPC,284,17.638364791870117,193.72030639648438,89.8569107055664
6283,cut2,6283,POPC,285,105.44044494628906,163.13848876953125,70.59119415283203
6283,cut2,6283,POPC,286,181.2373809814453,161.38009643554688,87.0359878540039
6283,cut2,6283,POPC,287,42.89030075073242,174.0155792236328,79.57643127441406
6283,cut2,6283,POPC,288,74.59388732910156,43.12089157104492,90.66413116455078
6283,cut2,6283,POPC,289,28.976930618286133,28.348472595214844,95.74147033691406
6283,cut2,6283,POPC,290,140.41690063476562,189.44352722167972,81.62133026123047
6283,cut2,6283,POPC,291,23.559837341308594,42.402366638183594,93.57681274414062
6283,cut2,6283,POPC,292,168.14285278320312,148.50856018066406,89.9444580078125
6283,cut2,6283,POPC,293,27.78029441833496,150.19639587402344,76.66156005859375
6283,cut2,6283,POPC,294,59.922725677490234,228.1876678466797,90.9384536743164
6283,cut2,6283,POPC,295,126.80265045166016,222.30506896972656,82.82178497314453
6283,cut2,6283,POPC,296,144.20620727539062,82.14872741699219,55.03773880004883
6283,cut2,6283,POPC,297,46.49760818481445,83.67760467529297,93.65228271484375
6283,cut2,6283,POPC,298,199.6576690673828,60.75161361694336,99.7625503540039
6283,cut2,6283,POPC,299,187.1551971435547,151.06214904785153,86.60411071777344
6283,cut2,6283,POPC,300,51.20518112182617,60.81342315673828,92.17874908447266
6283,cut2,6283,POPC,301,7.12747049331665,92.70478057861328,97.75094604492188
6283,cut2,6283,POPC,302,70.82909393310547,221.37637329101562,85.21749114990234
6283,cut2,6283,POPC,303,105.53570556640625,54.53513717651367,91.66107177734375
6283,cut2,6283,POPC,304,150.52154541015625,198.1605072021484,85.86763000488281
6283,cut2,6283,POPC,305,72.66328430175781,2.5081794261932373,88.32225036621094
6283,cut2,6283,POPC,306,37.787994384765625,194.497314453125,85.3502197265625
6283,cut2,6283,POPC,307,106.00534057617188,110.86235809326172,77.46636199951172
6283,cut2,6283,POPC,308,114.59355163574219,64.10257720947266,87.68218231201172
6283,cut2,6283,POPC,309,127.73250579833984,76.90687561035156,82.41012573242188
6283,cut2,6283,POPC,310,98.78767395019531,61.6872673034668,87.3973388671875
6283,cut2,6283,POPC,311,18.374765396118164,134.29541015625,81.58027648925781
6283,cut2,6283,POPC,312,49.37429428100586,237.57899475097656,89.02349853515625
6283,cut2,6283,POPC,313,198.39846801757812,69.11148834228516,102.9298324584961
6283,cut2,6283,POPC,314,166.5780029296875,143.1616973876953,85.46018981933594
6283,cut2,6283,POPC,315,58.66733932495117,58.78914260864258,91.24152374267578
6283,cut2,6283,POPC,316,160.5628204345703,196.817626953125,88.73468780517578
6283,cut2,6283,POPC,317,120.6486587524414,219.70655822753906,82.15259552001953
6283,cut2,6283,POPC,318,42.92900466918945,13.791288375854492,90.44078826904297
6283,cut2,6283,POPC,319,78.80380249023438,189.66285705566406,79.90792083740234
6283,cut2,6283,POPC,320,93.43058013916016,19.63575553894043,93.97220611572266
6283,cut2,6283,POPC,321,96.53801727294922,106.7331771850586,84.15868377685547
6283,cut2,6283,POPC,322,88.59988403320312,8.607463836669922,92.3073959350586
6283,cut2,6283,POPC,323,44.16644287109375,19.997238159179688,88.5422592163086
6283,cut2,6283,POPC,324,62.67489242553711,44.593692779541016,87.80415344238281
6283,cut2,6283,POPC,325,15.243721008300781,229.31869506835938,94.4729995727539
6283,cut2,6283,POPC,326,143.17462158203125,12.058012008666992,100.86153411865234
6283,cut2,6283,POPC,327,83.19644165039062,81.96783447265625,84.58731079101562
6283,cut2,6283,POPC,328,106.91500854492188,104.91890716552734,76.01068115234375
6283,cut2,6283,POPC,329,72.30974578857422,8.22728157043457,89.64957427978516
6283,cut2,6283,POPC,330,53.60755157470703,219.35079956054688,88.3577880859375
6283,cut2,6283,POPC,331,42.6106300354004,219.10700988769528,91.83504486083984
6283,cut2,6283,POPC,332,149.20745849609375,139.70156860351562,88.74666595458984
6283,cut2,6283,POPC,333,137.16249084472656,3.6861236095428467,98.68843841552734
6283,cut2,6283,POPC,334,107.63137817382812,189.7941436767578,73.567138671875
6283,cut2,6283,POPC,335,175.5618133544922,230.7621612548828,95.74513244628906
6283,cut2,6283,POPC,336,6.979130268096924,78.59527587890625,101.24652099609375
6283,cut2,6283,POPC,337,66.09638977050781,129.90081787109375,73.05379486083984
6283,cut2,6283,POPC,338,10.913389205932617,211.44786071777344,96.33432006835938
6283,cut2,6283,POPC,339,137.4591827392578,183.814697265625,79.8448486328125
6283,cut2,6283,POPC,340,45.103912353515625,25.72332000732422,89.17874908447266
6283,cut2,6283,POPC,341,8.036487579345703,230.58152770996094,95.93130493164062
6283,cut2,6283,POPC,342,167.80296325683594,194.09657287597656,88.74464416503906
6283,cut2,6283,POPC,343,138.20233154296875,162.47479248046875,84.41699981689453
6283,cut2,6283,POPC,344,197.4347686767578,28.135696411132812,98.12262725830078
6283,cut2,6283,POPC,345,139.9226531982422,81.60182189941406,87.57327270507812
6283,cut2,6283,POPC,346,177.3431396484375,125.93368530273438,91.80203247070312
6283,cut2,6283,POPC,347,164.9881134033203,229.79754638671875,52.9599494934082
6283,cut2,6283,POPC,348,92.83110809326172,103.5599594116211,82.28961944580078
6283,cut2,6283,POPC,349,152.29641723632812,-1.6268607378005981,95.36076354980469
6283,cut2,6283,POPC,350,9.952375411987305,19.688989639282227,96.2699966430664
6283,cut2,6283,POPC,351,49.88566970825195,204.18728637695312,87.87442016601562
6283,cut2,6283,POPC,352,146.21900939941406,2.720172166824341,98.13911437988281
6283,cut2,6283,POPC,353,153.2463836669922,177.3117218017578,85.36798095703125
6283,cut2,6283,POPC,354,66.2320556640625,238.5605926513672,88.79454803466797
6283,cut2,6283,POPC,355,82.64360046386719,168.5836944580078,71.71684265136719
6283,cut2,6283,POPC,356,96.05116271972656,25.544715881347656,93.81385040283203
6283,cut2,6283,POPC,357,130.28402709960938,203.1195831298828,80.64022064208984
6283,cut2,6283,POPC,358,154.45761108398438,120.52056121826172,96.34606170654297
6283,cut2,6283,POPC,359,121.4896926879883,212.59469604492188,82.26897430419922
6283,cut2,6283,POPC,360,131.55621337890625,136.87457275390625,84.94659423828125
6283,cut2,6283,POPC,361,30.52311897277832,35.4376106262207,95.99131774902344
6283,cut2,6283,POPC,362,141.62542724609375,151.3467559814453,87.76355743408203
6283,cut2,6283,POPC,363,47.75112533569336,135.3037109375,72.99470520019531
6283,cut2,6283,POPC,364,67.03814697265625,107.17871856689453,83.535400390625
6283,cut2,6283,POPC,365,151.86866760253906,115.27313232421875,93.58849334716797
6283,cut2,6283,POPC,366,184.17884826660156,80.24054718017578,108.33296966552734
6283,cut2,6283,POPC,367,178.27932739257812,52.172664642333984,98.85081481933594
6283,cut2,6283,POPC,368,184.207763671875,89.64804077148438,103.3511734008789
6283,cut2,6283,POPC,369,64.12246704101562,198.69912719726562,82.009033203125
6283,cut2,6283,POPC,370,18.829599380493164,216.00271606445312,91.08387756347656
6283,cut2,6283,POPC,371,55.470542907714844,198.94500732421875,83.82402801513673
6283,cut2,6283,POPC,372,27.60479164123535,237.8004150390625,96.50555419921875
6283,cut2,6283,POPC,373,180.53749084472656,70.39791870117188,102.75697326660156
6283,cut2,6283,POPC,374,179.1454315185547,64.57345581054688,103.51094818115234
6283,cut2,6283,POPC,375,80.54904174804688,46.1298942565918,88.69599914550781
6283,cut2,6283,POPC,376,63.5894660949707,65.55270385742188,91.8729019165039
6283,cut2,6283,POPC,377,171.01075744628906,133.46530151367188,90.91081237792969
6283,cut2,6283,POPC,378,46.54505157470703,97.68624877929688,89.80416870117188
6283,cut2,6283,POPC,379,30.435462951660156,19.01631736755371,95.51470947265625
6283,cut2,6283,POPC,380,61.802669525146484,20.8564395904541,88.89563751220703
6283,cut2,6283,POPC,381,79.53591918945312,128.16940307617188,67.67400360107422
6283,cut2,6283,POPC,382,68.77813720703125,14.216306686401367,87.64170837402344
6283,cut2,6283,POPC,383,82.14924621582031,154.19859313964844,71.33698272705078
6283,cut2,6283,POPC,384,169.44833374023438,177.11033630371094,86.83605194091797
6283,cut2,6283,POPC,385,92.32254791259766,61.62538528442383,87.79044342041016
6283,cut2,6283,POPC,386,58.63026428222656,37.34945297241211,88.31681060791016
6283,cut2,6283,POPC,387,60.896705627441406,136.26165771484375,71.29826354980469
6283,cut2,6283,POPC,388,102.4605941772461,22.407115936279297,93.60129547119139
6283,cut2,6283,POPC,389,177.10169982910156,16.905858993530273,100.96473693847656
6283,cut2,6283,POPC,390,151.0687255859375,6.66610860824585,94.75907135009766
6283,cut2,6283,POPC,391,94.88890838623047,143.93882751464844,73.09909057617188
6283,cut2,6283,POPC,392,117.63746643066406,171.48475646972656,74.63107299804688
6283,cut2,6283,POPC,393,49.09844970703125,196.7217559814453,82.59706115722656
6283,cut2,6283,POPC,394,169.53140258789062,118.07081604003906,57.001827239990234
6283,cut2,6283,POPC,395,52.673583984375,192.08502197265625,84.37621307373047
6283,cut2,6283,POPC,396,121.03240966796875,164.42921447753906,73.37346649169922
6283,cut2,6283,POPC,397,27.927753448486328,193.0848388671875,87.20403289794922
6283,cut2,6283,POPC,398,70.39854431152344,20.33211898803711,86.74561309814453
6283,cut2,6283,POPC,399,157.78536987304688,127.47529602050781,92.27143859863281
6283,cut2,6283,POPC,400,95.15056610107422,5.975159168243408,92.03775787353516
6283,cut2,6283,POPC,401,175.98812866210938,216.0900115966797,90.27916717529297
6283,cut2,6283,POPC,402,125.93334197998047,133.9784393310547,83.84749603271484
6283,cut2,6283,POPC,403,13.679679870605469,220.49078369140625,94.2703628540039
6283,cut2,6283,POPC,404,192.6534423828125,211.77366638183594,94.50743865966797
6283,cut2,6283,POPC,405,51.94976806640625,128.89739990234375,68.43408966064453
6283,cut2,6283,POPC,406,42.68213653564453,123.8331527709961,70.56198120117188
6283,cut2,6283,POPC,407,86.76124572753906,16.439149856567383,91.63605499267578
6283,cut2,6283,POPC,408,164.35995483398438,71.79338073730469,100.07936096191406
6283,cut2,6283,POPC,409,146.1653289794922,233.90403747558594,91.53663635253906
6283,cut2,6283,POPC,410,79.21247100830078,77.94352722167969,87.21908569335938
6283,cut2,6283,POPC,411,76.21561431884767,69.45428466796875,89.80989074707031
6283,cut2,6283,POPC,412,77.0107421875,97.2045669555664,84.21480560302734
6283,cut2,6283,POPC,413,42.06244659423828,204.59693908691406,89.10453796386719
6283,cut2,6283,POPC,414,136.32394409179688,14.137144088745117,95.7869644165039
6283,cut2,6283,POPC,415,188.40182495117188,47.864871978759766,101.81472778320312
6283,cut2,6283,POPC,416,194.62283325195312,178.56594848632812,89.57557678222656
6283,cut2,6283,POPC,417,176.71092224121094,167.0020294189453,85.75342559814453
6283,cut2,6283,POPC,418,20.124238967895508,49.271453857421875,96.18637084960938
6283,cut2,6283,POPC,419,86.5676040649414,107.19570922851562,85.62737274169922
6283,cut2,6283,POPC,420,55.47908020019531,90.53530883789062,92.45809173583984
6283,cut2,6283,POPC,421,47.37435531616211,66.38322448730469,92.53485870361328
6283,cut2,6283,POPC,422,12.924198150634766,168.2457733154297,87.06890869140625
6283,cut2,6283,POPC,423,51.12912368774414,9.142882347106934,88.35137176513672
6283,cut2,6283,POPC,424,163.85662841796875,179.452880859375,87.61722564697266
6283,cut2,6283,POPC,425,125.77391052246094,159.86651611328125,75.85716247558594
6283,cut2,6283,POPC,426,38.18599319458008,18.88994026184082,94.35205078125
6283,cut2,6283,POPC,427,110.7031021118164,94.31195068359375,78.98433685302734
6283,cut2,6283,POPC,428,155.60003662109375,211.5585174560547,88.96676635742188
6283,cut2,6283,POPC,429,18.424880981445312,36.74441909790039,93.55918884277344
6283,cut2,6283,POPC,430,171.0960693359375,57.604488372802734,102.21167755126953
6283,cut2,6283,POPC,431,131.49916076660156,62.707027435302734,85.86666870117188
6283,cut2,6283,POPC,432,197.2610626220703,40.279361724853516,97.70535278320312
6283,cut2,6283,POPC,433,192.3212432861328,23.17488670349121,100.7839126586914
6283,cut2,6283,POPC,434,30.8315486907959,222.6908721923828,93.8326416015625
6283,cut2,6283,POPC,435,17.36065101623535,0.3833312690258026,99.9799575805664
6283,cut2,6283,POPC,436,88.93011474609375,233.15483093261716,88.82518005371094
6283,cut2,6283,POPC,437,126.80155181884766,140.24478149414062,82.4139175415039
6283,cut2,6283,POPC,438,162.57565307617188,160.80506896972656,87.06309509277344
6283,cut2,6283,POPC,439,96.70183563232422,12.659476280212402,93.98687744140625
6283,cut2,6283,POPC,440,20.597511291503906,188.2658233642578,89.59001922607422
6283,cut2,6283,POPC,441,125.68492889404297,123.87055206298828,89.7974853515625
6283,cut2,6283,POPC,442,30.067890167236328,158.11195373535156,80.35111236572266
6283,cut2,6283,POPC,443,54.79522705078125,48.172943115234375,90.72518157958984
6283,cut2,6283,POPC,444,200.65887451171875,19.593502044677734,99.07623291015625
6283,cut2,6283,POPC,445,139.08282470703125,88.14576721191406,82.29976654052734
6283,cut2,6283,POPC,446,151.31121826171875,172.53675842285156,83.48314666748047
6283,cut2,6283,POPC,447,2.558279514312744,208.42300415039062,96.45369720458984
6283,cut2,6283,POPC,448,117.06852722167969,149.24862670898438,73.32806396484375
6283,cut2,6283,POPC,449,33.99329376220703,132.4364776611328,77.06136322021484
6283,cut2,6283,POPC,450,137.35218811035156,143.76744079589844,86.2547378540039
6283,cut2,6283,POPC,451,82.89830780029295,101.41413116455078,83.70161437988281
6283,cut2,6283,POPC,452,34.12485885620117,153.8352508544922,75.07454681396484
6283,cut2,6283,POPC,453,134.96282958984375,90.20401763916016,78.57366180419922
6283,cut2,6283,POPC,454,176.04164123535156,23.887441635131836,102.86495208740234
6283,cut2,6283,POPC,455,178.4931640625,184.7793731689453,89.04920196533203
6283,cut2,6283,POPC,456,111.31579589843751,21.796600341796875,95.20475769042969
6283,cut2,6283,POPC,457,122.98625183105469,79.66627502441406,79.75899505615234
6283,cut2,6283,POPC,458,84.04600524902344,160.30654907226562,70.3919906616211
6283,cut2,6283,POPC,459,78.75969696044922,227.1576385498047,88.02236938476562
6283,cut2,6283,POPC,460,119.11363220214844,10.219319343566896,92.91180419921875
6283,cut2,6283,POPC,461,85.97355651855469,67.44133758544922,88.28849029541016
6283,cut2,6283,POPC,462,69.1561050415039,169.7420654296875,72.78115844726562
6283,cut2,6283,POPC,463,59.578712463378906,11.094780921936035,49.325103759765625
6283,cut2,6283,POPC,464,29.432409286499023,93.9256820678711,93.10443878173828
6283,cut2,6283,POPC,465,116.5867919921875,70.47059631347656,83.58374786376953
6283,cut2,6283,POPC,466,45.84737014770508,105.79058074951172,87.32170104980469
6283,cut2,6283,POPC,467,143.9801788330078,186.81631469726562,45.18804931640625
6283,cut2,6283,POPC,468,115.81988525390625,16.32408905029297,94.3723373413086
6283,cut2,6283,POPC,469,30.71445655822754,1.802470326423645,91.24565887451172
6283,cut2,6283,POPC,470,142.3025360107422,135.44284057617188,87.53772735595703
6283,cut2,6283,POPC,471,172.7236785888672,66.80343627929688,100.29241180419922
6283,cut2,6283,POPC,472,44.613746643066406,58.84553527832031,93.0510482788086
6283,cut2,6283,POPC,473,60.31696319580078,191.06982421875,82.16917419433594
6283,cut2,6283,POPC,474,180.65780639648438,111.99310302734374,93.05269622802734
6283,cut2,6283,POPC,475,195.3768310546875,85.5949478149414,103.3853988647461
6283,cut2,6283,POPC,476,172.4088592529297,49.79426574707031,99.7676010131836
6283,cut2,6283,POPC,477,37.751888275146484,3.311779737472534,91.12176513671875
6283,cut2,6283,POPC,478,99.68091583251953,37.90108108520508,95.994873046875
6283,cut2,6283,POPC,479,76.84288024902344,208.58084106445312,84.3482894897461
6283,cut2,6283,POPC,480,22.069711685180664,90.99488830566406,92.67597198486328
6283,cut2,6283,POPC,481,46.058570861816406,31.35535430908203,94.46492004394531
6283,cut2,6283,POPC,482,57.43693923950195,127.4219970703125,70.53358459472656
6283,cut2,6283,POPC,483,156.94406127929688,8.284707069396973,97.99186706542969
6283,cut2,6283,POPC,484,171.14495849609375,209.8012542724609,93.06285858154297
6283,cut2,6283,POPC,485,164.07666015625,187.18898010253906,86.478271484375
6283,cut2,6283,POPC,486,86.46064758300781,139.24932861328125,76.79312896728516
6283,cut2,6283,POPC,487,184.0587921142578,53.54475784301758,100.10137176513672
6283,cut2,6283,POPC,488,18.004966735839844,178.67343139648438,85.9443588256836
6283,cut2,6283,POPC,489,50.932044982910156,77.25447082519531,94.44524383544922
6283,cut2,6283,POPC,490,57.49126434326172,208.79116821289062,85.55827331542969
6283,cut2,6283,POPC,491,143.00425720214844,167.72389221191406,81.3456039428711
6283,cut2,6283,POPC,492,144.12705993652344,62.80771255493164,88.73857116699219
6283,cut2,6283,POPC,493,65.12930297851562,147.15760803222653,71.53133392333984
6283,cut2,6283,POPC,494,142.25865173339844,176.39910888671875,80.73241424560545
6283,cut2,6283,POPC,495,110.14155578613281,137.165771484375,82.86830139160156
6283,cut2,6283,POPC,496,66.48572540283203,203.50685119628906,83.38726806640625
6283,cut2,6283,POPC,497,69.4242172241211,154.24671936035156,77.99624633789062
6283,cut2,6283,POPC,498,177.72654724121094,193.29368591308594,90.38678741455078
6283,cut2,6283,POPC,499,117.21004486083984,97.9333267211914,78.80488586425781
6283,cut2,6283,POPC,500,53.03981399536133,167.2921905517578,78.04373168945312
6283,cut2,6283,POPC,501,7.162750720977783,99.75698852539062,97.98799896240236
6283,cut2,6283,POPC,502,122.60838317871094,2.8072078227996826,93.0191879272461
6283,cut2,6283,POPC,503,51.66014099121094,233.27635192871094,84.74044036865234
6283,cut2,6283,POPC,504,68.21990203857422,38.35274887084961,90.76889038085938
6283,cut2,6283,POPC,505,70.10840606689453,163.4315948486328,78.80850982666016
6283,cut2,6283,POPC,506,132.5116424560547,149.01325988769534,82.31857299804688
6283,cut2,6283,POPC,507,179.47711181640625,208.1661376953125,89.98137664794922
6283,cut2,6283,POPC,508,87.4952163696289,77.15606689453125,49.75410079956055
6283,cut2,6283,POPC,509,14.626821517944336,28.10327911376953,94.69554901123047
6283,cut2,6283,POPC,510,191.1516571044922,93.98568725585938,100.888916015625
6283,cut2,6283,POPC,511,159.021240234375,115.17337036132812,95.05268859863283
6283,cut2,6283,POPC,512,87.11381530761719,24.56172752380371,89.49323272705078
6283,cut2,6283,POPC,513,43.885780334472656,248.02723693847656,88.50970458984375
6283,cut2,6283,POPC,514,190.31088256835938,15.326793670654297,102.60733795166016
6283,cut2,6283,POPC,515,151.04818725585938,219.88934326171875,91.90150451660156
6283,cut2,6283,POPC,516,143.68312072753906,206.55982971191406,86.4681625366211
6283,cut2,6283,POPC,517,19.07808494567871,209.0634307861328,91.27527618408203
6283,cut2,6283,POPC,518,37.624637603759766,137.8855438232422,76.33667755126953
6283,cut2,6283,POPC,519,102.0406265258789,69.78915405273438,84.32554626464844
6283,cut2,6283,POPC,520,153.3669891357422,235.06239318847656,95.03936004638672
6283,cut2,6283,POPC,521,100.58541870117188,139.9963836669922,78.56468963623047
6283,cut2,6283,POPC,522,119.7118148803711,65.609130859375,85.89561462402344
6283,cut2,6283,POPC,523,16.275188446044922,13.694348335266113,97.9040298461914
6283,cut2,6283,POPC,524,158.70443725585938,150.00473022460938,86.72663116455078
6283,cut2,6283,POPC,525,33.4244270324707,173.88218688964844,82.97515106201172
6283,cut2,6283,POPC,526,114.91817474365234,6.551697731018066,95.35948944091797
6283,cut2,6283,POPC,527,26.443975448608402,179.4070281982422,86.2619400024414
6283,cut2,6283,POPC,528,14.378393173217773,205.35769653320312,93.21785736083984
6283,cut2,6283,POPC,529,60.07954025268555,10.410664558410645,87.66163635253906
6283,cut2,6283,POPC,530,46.73496627807617,178.97084045410156,82.00930786132812
6283,cut2,6283,POPC,531,162.44595336914062,87.4122314453125,94.90756225585938
6283,cut2,6283,POPC,532,11.786819458007812,34.57693099975586,95.48062896728516
6283,cut2,6283,POPC,533,190.07286071777344,78.69823455810547,104.79959869384766
6283,cut2,6283,POPC,534,121.07125854492188,193.818115234375,75.54322052001953
6283,cut2,6283,POPC,535,21.107742309570312,155.57969665527344,81.00817108154297
6283,cut2,6283,POPC,536,70.7983627319336,47.586063385009766,89.59647369384766
6283,cut2,6283,POPC,537,184.71673583984375,211.01434326171875,88.29541015625
6283,cut2,6283,POPC,538,77.22685241699219,172.04217529296875,75.3655014038086
6283,cut2,6283,POPC,539,167.53114318847656,82.12022399902344,100.59772491455078
6283,cut2,6283,POPC,540,115.51226806640625,197.6108856201172,75.37023162841797
6283,cut2,6283,POPC,541,147.20930480957028,186.3073272705078,86.76386260986328
6283,cut2,6283,POPC,542,99.00525665283203,44.823421478271484,96.3763885498047
6283,cut2,6283,POPC,543,167.80226135253906,17.55594444274902,99.53604888916016
6283,cut2,6283,POPC,544,187.47616577148438,102.64230346679688,98.54830169677734
6283,cut2,6283,POPC,545,59.490787506103516,217.71041870117188,85.37884521484375
6283,cut2,6283,POPC,546,67.54863739013672,29.789453506469727,88.10942077636719
6283,cut2,6283,POPC,547,188.87420654296875,163.40322875976562,89.03594207763672
6283,cut2,6283,POPC,548,104.0785140991211,85.29066467285156,82.53810119628906
6283,cut2,6283,POPC,549,98.86811828613281,57.19694137573242,91.13591766357422
6283,cut2,6283,POPC,550,5.802896976470947,131.42501831054688,79.74842834472656
6283,cut2,6283,POPC,551,80.0142822265625,35.667640686035156,87.09349060058594
6283,cut2,6283,POPC,552,202.6228485107422,183.1650390625,90.67444610595703
6283,cut2,6283,POPC,553,77.54853057861328,86.02314758300781,86.96422576904297
6283,cut2,6283,POPC,554,65.32421112060547,187.1647491455078,78.84120178222656
6283,cut2,6283,POPC,555,37.189903259277344,217.37611389160156,88.21754455566406
6283,cut2,6283,POPC,556,184.7539825439453,96.91580963134766,100.72848510742188
6283,cut2,6283,POPC,557,31.553667068481445,181.18856811523438,82.1447982788086
6283,cut2,6283,POPC,558,78.61698913574219,112.55696105957031,82.10298919677734
6283,cut2,6283,POPC,559,117.21327209472656,139.03428649902344,81.45896911621094
6283,cut2,6283,POPC,560,10.46185302734375,152.73785400390625,85.27983856201172
6283,cut2,6283,POPC,561,0.656755805015564,33.56990432739258,98.84210968017578
6283,cut2,6283,POPC,562,175.3775177001953,43.89869689941406,97.18595123291016
6283,cut2,6283,POPC,563,174.9151611328125,179.53659057617188,87.25496673583984
6283,cut2,6283,POPC,564,12.081037521362305,66.26542663574219,101.71631622314453
6283,cut2,6283,POPC,565,70.72408294677734,214.19175720214844,84.48491668701172
6283,cut2,6283,POPC,566,75.05075073242188,135.3465576171875,71.7373275756836
6283,cut2,6283,POPC,567,57.189414978027344,142.98440551757812,70.31299591064453
6283,cut2,6283,POPC,568,21.35454559326172,68.0446319580078,96.54396057128906
6283,cut2,6283,POPC,569,167.57235717773435,215.90701293945312,94.0236587524414
6283,cut2,6283,POPC,570,160.6310577392578,219.94894409179688,91.47593688964844
6283,cut2,6283,POPC,571,51.47721481323242,104.10763549804688,43.91025161743164
6283,cut2,6283,POPC,572,29.862268447875977,43.09873580932617,95.2527084350586
6283,cut2,6283,POPC,573,84.92264556884766,33.730255126953125,90.65142822265625
6283,cut2,6283,POPC,574,167.7409210205078,4.789350509643554,99.05567169189453
6283,cut2,6283,POPC,575,54.18641662597656,42.497711181640625,90.10787200927734
6283,cut2,6283,POPC,576,161.53549194335938,135.2098846435547,91.50238037109375
6283,cut2,6283,POPC,577,149.27357482910156,209.48304748535156,87.63843536376953
6283,cut2,6283,POPC,578,11.09214973449707,178.5612335205078,89.60015106201172
6283,cut2,6283,POPC,579,172.587158203125,140.18533325195312,89.75562286376953
6283,cut2,6283,POPC,580,123.62743377685547,148.26914978027344,77.07621002197266
6283,cut2,6283,POPC,581,113.80231475830078,157.9871826171875,72.22470092773438
6283,cut2,6283,POPC,582,21.533693313598633,235.669189453125,96.53959655761719
6283,cut2,6283,POPC,583,173.37855529785156,243.38009643554688,97.98442840576172
6283,cut2,6283,POPC,584,172.0421905517578,97.01735687255858,58.91580581665039
6283,cut2,6283,POPC,585,53.995540618896484,29.239761352539062,87.57752227783203
6283,cut2,6283,POPC,586,5.072187900543213,27.721515655517578,93.73959350585938
6283,cut2,6283,POPC,587,100.79173278808594,4.2998270988464355,93.44142150878906
6283,cut2,6283,POPC,588,1.9358962774276733,217.43228149414062,95.62395477294922
6283,cut2,6283,POPC,589,192.1438446044922,61.57345199584961,103.92745971679688
6283,cut2,6283,POPC,590,37.08817672729492,146.25192260742188,75.36807250976562
6283,cut2,6283,POPC,591,53.427669525146484,182.15428161621094,78.89183044433594
6283,cut2,6283,POPC,592,64.71200561523438,181.73220825195312,37.99397659301758
6283,cut2,6283,POPC,593,-0.7828689813613892,236.0148468017578,96.68209838867188
6283,cut2,6283,POPC,594,183.05789184570312,13.252250671386719,105.58360290527344
6283,cut2,6283,POPC,595,65.96519470214844,2.037440299987793,88.5993881225586
6283,cut2,6283,POPC,596,109.13079833984375,169.35011291503906,71.85387420654297
6283,cut2,6283,POPC,597,110.86419677734375,148.45574951171875,72.22509765625
6283,cut2,6283,POPC,598,20.518489837646484,165.20721435546875,83.39500427246094
6283,cut2,6283,POPC,599,117.73528289794922,34.770729064941406,91.30686950683594
6283,cut2,6283,POPC,600,32.813480377197266,127.36692810058594,76.81542205810547
6283,cut2,6283,POPC,601,28.10405158996582,137.22120666503906,77.99636840820312
6283,cut2,6283,POPC,602,145.53411865234375,123.54769134521484,89.38648223876953
6283,cut2,6283,POPC,603,90.78927612304688,28.41690444946289,90.73147583007812
6283,cut2,6283,POPC,604,13.355367660522461,7.2778706550598145,99.92528533935547
6283,cut2,6283,POPC,605,127.9796371459961,9.985370635986328,93.1082534790039
6283,cut2,6283,POPC,606,174.69895935058594,5.3307881355285645,97.96431732177734
6283,cut2,6283,POPC,607,88.74812316894531,132.0340576171875,79.4508285522461
6283,cut2,6283,POPC,608,59.77862548828125,241.48153686523438,89.17626953125
6283,cut2,6283,POPC,609,194.58270263671875,241.9243927001953,97.17160034179688
6283,cut2,6283,POPC,610,14.438676834106445,184.5148468017578,90.50563049316406
6283,cut2,6283,POPC,611,153.37762451171875,192.61024475097656,87.67929077148438
6283,cut2,6283,POPC,612,66.69223022460938,174.70223999023438,74.84957122802734
6283,cut2,6283,POPC,613,149.63186645507812,3.7115395069122314,56.98746109008789
6283,cut2,6283,POPC,614,135.98675537109375,222.93540954589844,86.88601684570312
6283,cut2,6283,POPC,615,184.29486083984375,201.1953582763672,89.7582778930664
6283,cut2,6283,POPC,616,6.974752902984619,-0.6672697067260742,98.17237854003906
6283,cut2,6283,POPC,617,127.1805648803711,193.2175750732422,77.2125015258789
6283,cut2,6283,POPC,618,5.9595513343811035,136.68934631347656,83.23624420166016
6283,cut2,6283,POPC,619,3.3336281776428223,177.0768280029297,89.3399887084961
6283,cut2,6283,POPC,620,148.26397705078125,18.25624656677246,96.98528289794922
6283,cut2,6283,POPC,621,151.93942260742188,231.07237243652344,88.5122299194336
6283,cut2,6283,POPC,622,152.1092529296875,204.0774383544922,85.56417083740234
6283,cut2,6283,POPC,623,85.78055572509766,53.66594696044922,88.45062255859375
6283,cut2,6283,POPC,624,114.2799301147461,163.61361694335938,69.2741928100586
6283,cut2,6283,POPC,625,152.56222534179688,153.36915588378906,90.01170349121094
6283,cut2,6283,POPC,626,133.19630432128906,99.48208618164062,39.40190505981445
6283,cut2,6283,POPC,627,49.12902069091797,186.1242218017578,41.505332946777344
6283,cut2,6283,POPC,628,77.7237777709961,206.8543243408203,51.12192916870117
6283,cut2,6283,POPC,629,155.88621520996094,156.2884979248047,43.28466033935547
6283,cut2,6283,POPC,630,124.93855285644531,68.08622741699219,52.519039154052734
6283,cut2,6283,POPC,631,72.38594818115234,237.86851501464844,48.435916900634766
6283,cut2,6283,POPC,632,143.5955047607422,205.7899017333984,44.95973587036133
6283,cut2,6283,POPC,633,133.79901123046875,154.18594360351562,43.17939758300781
6283,cut2,6283,POPC,634,56.17536544799804,191.02162170410156,38.631423950195305
6283,cut2,6283,POPC,635,142.4810028076172,5.669289588928223,56.155704498291016
6283,cut2,6283,POPC,636,10.618362426757812,178.99111938476562,48.01934432983399
6283,cut2,6283,POPC,637,12.375463485717773,10.612442970275879,57.38433837890625
6283,cut2,6283,POPC,638,101.18421173095703,22.974044799804688,55.194847106933594
6283,cut2,6283,POPC,639,79.79886627197266,217.4589080810547,51.371192932128906
6283,cut2,6283,POPC,640,195.00949096679688,236.5943145751953,62.6044807434082
6283,cut2,6283,POPC,641,167.15663146972656,179.17613220214844,50.60932922363281
6283,cut2,6283,POPC,642,167.37913513183594,170.9599151611328,46.915889739990234
6283,cut2,6283,POPC,643,67.55309295654297,169.98208618164062,35.89854431152344
6283,cut2,6283,POPC,644,26.05160903930664,83.37992858886719,55.01833724975586
6283,cut2,6283,POPC,645,193.5775146484375,85.37106323242188,59.48892593383789
6283,cut2,6283,POPC,646,2.7947564125061035,7.1598711013793945,60.10165786743164
6283,cut2,6283,POPC,647,181.4997100830078,95.8862075805664,60.05351638793945
6283,cut2,6283,POPC,648,169.2518310546875,143.1494903564453,49.704837799072266
6283,cut2,6283,POPC,649,173.10568237304688,64.98611450195312,60.89815139770508
6283,cut2,6283,POPC,650,175.35772705078125,205.69573974609375,51.08832550048828
6283,cut2,6283,POPC,651,169.781982421875,151.26512145996094,49.64867401123047
6283,cut2,6283,POPC,652,165.48822021484375,195.2035675048828,55.015933990478516
6283,cut2,6283,POPC,653,22.387113571166992,210.34902954101562,48.62434005737305
6283,cut2,6283,POPC,654,49.55828857421875,178.5625457763672,40.30792999267578
6283,cut2,6283,POPC,655,39.276912689208984,48.32180786132812,55.17905807495117
6283,cut2,6283,POPC,656,20.13663673400879,218.6880645751953,51.77421569824219
6283,cut2,6283,POPC,657,21.861663818359375,153.12181091308594,44.057220458984375
6283,cut2,6283,POPC,658,87.34049224853516,123.07962036132812,47.38703536987305
6283,cut2,6283,POPC,659,53.20125961303711,155.36978149414062,38.73745346069336
6283,cut2,6283,POPC,660,113.12406158447264,42.599246978759766,56.435970306396484
6283,cut2,6283,POPC,661,11.81187629699707,31.35406494140625,58.69204330444336
6283,cut2,6283,POPC,662,167.00244140625,47.01569366455078,67.9354248046875
6283,cut2,6283,POPC,663,133.4433746337891,199.6437225341797,43.2513313293457
6283,cut2,6283,POPC,664,185.5524139404297,31.553993225097656,58.44834518432617
6283,cut2,6283,POPC,665,9.620433807373047,2.7570323944091797,59.581443786621094
6283,cut2,6283,POPC,666,143.3153533935547,142.57101440429688,39.57304382324219
6283,cut2,6283,POPC,667,0.7864784002304077,100.63815307617188,59.238563537597656
6283,cut2,6283,POPC,668,143.97946166992188,161.79103088378906,43.21723937988281
6283,cut2,6283,POPC,669,148.79299926757812,140.92120361328125,39.763973236083984
6283,cut2,6283,POPC,670,181.88502502441406,36.85621643066406,62.35133743286133
6283,cut2,6283,POPC,671,74.82579040527344,82.21880340576172,45.96559143066406
6283,cut2,6283,POPC,672,2.096865177154541,165.64343261718753,48.078620910644524
6283,cut2,6283,POPC,673,110.54656219482422,16.777111053466797,56.4312744140625
6283,cut2,6283,POPC,674,174.16061401367188,53.07670974731445,68.94728088378906
6283,cut2,6283,POPC,675,59.18729019165039,176.79672241210938,40.950321197509766
6283,cut2,6283,POPC,676,67.72368621826172,84.56287384033203,46.6626091003418
6283,cut2,6283,POPC,677,149.1966094970703,195.31582641601562,48.79436492919922
6283,cut2,6283,POPC,678,34.476375579833984,192.08026123046875,51.230804443359375
6283,cut2,6283,POPC,679,42.28998565673828,231.45179748535156,50.54609680175781
6283,cut2,6283,POPC,680,134.98081970214844,189.00119018554688,39.87506866455078
6283,cut2,6283,POPC,681,64.40177917480469,69.67408752441406,47.4669075012207
6283,cut2,6283,POPC,682,111.06101989746094,56.03817367553711,54.75872802734375
6283,cut2,6283,POPC,683,175.35055541992188,241.61888122558594,54.25912857055664
6283,cut2,6283,POPC,684,111.86349487304688,136.4314422607422,38.61375045776367
6283,cut2,6283,POPC,685,105.3613510131836,30.99074363708496,52.54619216918945
6283,cut2,6283,POPC,686,73.95076751708984,167.2861328125,35.88801574707031
6283,cut2,6283,POPC,687,26.318613052368164,202.3845977783203,50.98725128173828
6283,cut2,6283,POPC,688,57.27973937988281,220.69789123535156,47.16875076293945
6283,cut2,6283,POPC,689,36.26106643676757,169.6034698486328,43.40897750854492
6283,cut2,6283,POPC,690,183.45130920410156,159.35446166992188,51.569679260253906
6283,cut2,6283,POPC,691,5.047506809234619,75.82343292236328,60.5851936340332
6283,cut2,6283,POPC,692,178.08018493652344,177.95616149902344,50.48382568359375
6283,cut2,6283,POPC,693,125.34768676757812,157.2444610595703,34.55361557006836
6283,cut2,6283,POPC,694,138.27078247070312,181.115234375,41.87962341308594
6283,cut2,6283,POPC,695,167.53582763671875,4.441792011260986,59.78465270996094
6283,cut2,6283,POPC,696,105.390869140625,13.494040489196777,56.594486236572266
6283,cut2,6283,POPC,697,78.55120849609375,41.57615661621094,44.250362396240234
6283,cut2,6283,POPC,698,82.4241943359375,28.307693481445316,49.36980438232422
6283,cut2,6283,POPC,699,3.8390069007873535,47.651763916015625,63.77389907836914
6283,cut2,6283,POPC,700,108.98696899414062,3.858332395553589,55.67236328125
6283,cut2,6283,POPC,701,149.46275329589844,204.66729736328125,49.1405143737793
6283,cut2,6283,POPC,702,79.40560913085938,62.446014404296875,49.34037780761719
6283,cut2,6283,POPC,703,19.9300479888916,42.69425582885742,59.11787414550781
6283,cut2,6283,POPC,704,70.43412780761719,226.0348358154297,50.989864349365234
6283,cut2,6283,POPC,705,87.72724151611328,216.3826446533203,50.31732177734376
6283,cut2,6283,POPC,706,44.50305938720703,193.51654052734375,44.94076156616211
6283,cut2,6283,POPC,707,45.47343063354492,35.0134162902832,53.68746566772461
6283,cut2,6283,POPC,708,58.31749725341797,170.579833984375,76.31246948242188
6283,cut2,6283,POPC,709,21.164798736572266,226.31610107421875,53.73115539550781
6283,cut2,6283,POPC,710,191.15264892578125,63.065555572509766,64.054931640625
6283,cut2,6283,POPC,711,44.17392349243164,95.96931457519531,51.84917068481445
6283,cut2,6283,POPC,712,71.89253997802734,194.29638671875,40.97816848754883
6283,cut2,6283,POPC,713,60.694950103759766,17.010950088500977,46.980655670166016
6283,cut2,6283,POPC,714,187.26490783691406,7.553853511810303,63.7647590637207
6283,cut2,6283,POPC,715,-0.8282982110977173,215.99449157714844,52.57893371582031
6283,cut2,6283,POPC,716,167.3243408203125,36.46009826660156,60.8653678894043
6283,cut2,6283,POPC,717,18.51342010498047,71.20049285888672,58.023902893066406
6283,cut2,6283,POPC,718,46.82679748535156,65.19752502441406,54.36457824707031
6283,cut2,6283,POPC,719,196.83164978027344,78.79163360595703,59.57080078125
6283,cut2,6283,POPC,720,16.10661506652832,163.2179412841797,47.54864501953125
6283,cut2,6283,POPC,721,111.2094955444336,98.17019653320312,38.49299240112305
6283,cut2,6283,POPC,722,163.64990234375,234.79974365234375,56.03234100341797
6283,cut2,6283,POPC,723,100.45243835449219,167.66409301757812,32.74391174316406
6283,cut2,6283,POPC,724,97.35077667236328,239.83584594726562,55.364261627197266
6283,cut2,6283,POPC,725,3.5910096168518066,230.422607421875,56.8410758972168
6283,cut2,6283,POPC,726,77.65508270263672,53.172279357910156,49.918148040771484
6283,cut2,6283,POPC,727,50.29133605957031,195.555908203125,41.26116943359375
6283,cut2,6283,POPC,728,41.00044250488281,85.00242614746094,55.5085563659668
6283,cut2,6283,POPC,729,58.32235336303711,241.58868408203125,49.9340705871582
6283,cut2,6283,POPC,730,60.9926872253418,38.87008285522461,50.37187576293945
6283,cut2,6283,POPC,731,63.853515625,6.681583881378174,46.6693229675293
6283,cut2,6283,POPC,732,5.97219705581665,169.9984588623047,46.341800689697266
6283,cut2,6283,POPC,733,125.42902374267578,21.509357452392578,54.096649169921875
6283,cut2,6283,POPC,734,134.8706817626953,145.2447052001953,41.18307113647461
6283,cut2,6283,POPC,735,57.41537094116211,199.2120361328125,40.43002700805664
6283,cut2,6283,POPC,736,28.305604934692383,227.13406372070312,54.40256118774414
6283,cut2,6283,POPC,737,46.92631530761719,43.061370849609375,50.40985107421875
6283,cut2,6283,POPC,738,18.208404541015625,196.96278381347656,49.21414566040039
6283,cut2,6283,POPC,739,176.3716278076172,124.39214324951172,58.00541305541992
6283,cut2,6283,POPC,740,76.07696533203125,34.546653747558594,44.96015548706055
6283,cut2,6283,POPC,741,193.57615661621094,167.66213989257812,47.426979064941406
6283,cut2,6283,POPC,742,27.66292381286621,-1.4722589254379272,51.58561706542969
6283,cut2,6283,POPC,743,88.73011779785156,225.33352661132812,53.159732818603516
6283,cut2,6283,POPC,744,81.05094909667969,7.80741548538208,49.27711868286133
6283,cut2,6283,POPC,745,72.92587280273438,203.60516357421875,48.273563385009766
6283,cut2,6283,POPC,746,144.63134765625,170.39706420898438,42.92845916748047
6283,cut2,6283,POPC,747,197.15972900390625,157.41050720214844,49.643375396728516
6283,cut2,6283,POPC,748,105.19422912597656,56.11186981201172,54.2802619934082
6283,cut2,6283,POPC,749,31.787521362304688,215.42262268066406,50.04247283935547
6283,cut2,6283,POPC,750,112.70606231689453,63.134918212890625,50.983497619628906
6283,cut2,6283,POPC,751,63.8947639465332,209.3855438232422,48.281761169433594
6283,cut2,6283,POPC,752,62.33244705200195,23.21137046813965,44.76953887939453
6283,cut2,6283,POPC,753,6.2793755531311035,62.40753936767578,66.02384185791016
6283,cut2,6283,POPC,754,146.3372039794922,227.06063842773438,55.11190414428711
6283,cut2,6283,POPC,755,127.66929626464844,210.38858032226562,45.302249908447266
6283,cut2,6283,POPC,756,41.93465042114258,201.9427032470703,49.64183044433594
6283,cut2,6283,POPC,757,187.2222900390625,68.3855972290039,62.31989669799805
6283,cut2,6283,POPC,758,174.90342712402344,187.85459899902344,53.60342788696289
6283,cut2,6283,POPC,759,91.10304260253906,36.511924743652344,53.50597381591797
6283,cut2,6283,POPC,760,171.84552001953125,193.4298095703125,52.292633056640625
6283,cut2,6283,POPC,761,199.1900634765625,36.59080505371094,61.64435958862305
6283,cut2,6283,POPC,762,195.1657257080078,206.24334716796875,51.2313346862793
6283,cut2,6283,POPC,763,162.74684143066406,111.00269317626953,60.46964645385742
6283,cut2,6283,POPC,764,17.37029457092285,30.07783317565918,56.49858856201172
6283,cut2,6283,POPC,765,185.06874084472656,45.66094207763672,63.86166000366211
6283,cut2,6283,POPC,766,44.844791412353516,155.3094177246094,42.089778900146484
6283,cut2,6283,POPC,767,44.02696990966797,169.20672607421875,40.529972076416016
6283,cut2,6283,POPC,768,65.39287567138672,61.96164321899414,46.483665466308594
6283,cut2,6283,POPC,769,178.80145263671875,62.80953598022461,63.41267013549805
6283,cut2,6283,POPC,770,123.13175201416016,11.76456356048584,52.64787292480469
6283,cut2,6283,POPC,771,199.94139099121094,57.90639877319336,66.10285949707031
6283,cut2,6283,POPC,772,37.72895431518555,237.07342529296875,47.75545120239258
6283,cut2,6283,POPC,773,66.43093872070312,32.78955841064453,48.23060607910156
6283,cut2,6283,POPC,774,90.5430679321289,241.33287048339844,53.71998596191406
6283,cut2,6283,POPC,775,176.2392120361328,151.1485137939453,52.31832504272461
6283,cut2,6283,POPC,776,179.2835693359375,32.7745361328125,65.25881958007812
6283,cut2,6283,POPC,777,149.27174377441406,187.61111450195312,48.60630798339844
6283,cut2,6283,POPC,778,189.5509796142578,178.6734619140625,47.29719161987305
6283,cut2,6283,POPC,779,4.9012131690979,181.90213012695312,46.34126663208008
6283,cut2,6283,POPC,780,9.16391372680664,198.38235473632812,46.859649658203125
6283,cut2,6283,POPC,781,74.52304077148436,231.52455139160156,48.89842987060547
6283,cut2,6283,POPC,782,141.44757080078125,122.52008056640625,47.82791519165039
6283,cut2,6283,POPC,783,56.904972076416016,161.52845764160156,38.68773651123047
6283,cut2,6283,POPC,784,105.03591918945312,45.99632263183594,49.615577697753906
6283,cut2,6283,POPC,785,47.40546417236328,227.95254516601562,51.64718246459961
6283,cut2,6283,POPC,786,152.86898803710938,163.2955780029297,40.85826110839844
6283,cut2,6283,POPC,787,177.84156799316406,8.916166305541992,61.307865142822266
6283,cut2,6283,POPC,788,4.139997959136963,160.16659545898438,46.572967529296875
6283,cut2,6283,POPC,789,115.04100799560547,5.9988322257995605,53.49210739135742
6283,cut2,6283,POPC,790,67.47286987304688,215.36215209960938,46.88771438598633
6283,cut2,6283,POPC,791,107.35193634033203,66.79866027832031,49.738582611083984
6283,cut2,6283,POPC,792,27.97984504699707,40.94232177734375,58.80364227294921
6283,cut2,6283,POPC,793,109.21458435058594,23.237619400024414,55.419681549072266
6283,cut2,6283,POPC,794,109.95601654052734,37.908817291259766,51.297279357910156
6283,cut2,6283,POPC,795,71.80244445800781,72.60205841064453,47.959716796875
6283,cut2,6283,POPC,796,188.68814086914062,97.51139831542969,59.66646194458008
6283,cut2,6283,POPC,797,62.1983757019043,226.99777221679688,48.26179122924805
6283,cut2,6283,POPC,798,31.845251083374023,46.004371643066406,56.394065856933594
6283,cut2,6283,POPC,799,168.5282745361328,55.062076568603516,67.90568542480469
6283,cut2,6283,POPC,800,102.25914764404297,97.03921508789062,42.23579788208008
6283,cut2,6283,POPC,801,49.53923416137695,239.9008331298828,49.355655670166016
6283,cut2,6283,POPC,802,39.99953079223633,37.5338249206543,57.09978103637695
6283,cut2,6283,POPC,803,175.72186279296878,215.33505249023438,53.28535079956055
6283,cut2,6283,POPC,804,129.875244140625,157.5997314453125,40.4511833190918
6283,cut2,6283,POPC,805,175.86083984375,245.75025939941406,59.050537109375
6283,cut2,6283,POPC,806,67.66602325439452,52.82741165161133,51.6240234375
6283,cut2,6283,POPC,807,104.67736816406249,0.7522847652435303,56.21232986450195
6283,cut2,6283,POPC,808,23.483545303344727,60.6934700012207,61.39229965209961
6283,cut2,6283,POPC,809,181.0569610595703,50.305641174316406,64.55787658691406
6283,cut2,6283,POPC,810,177.52244567871094,184.1641387939453,50.415679931640625
6283,cut2,6283,POPC,811,153.81007385253906,166.5882110595703,45.56520080566406
6283,cut2,6283,POPC,812,148.7370147705078,12.53526496887207,59.47260665893555
6283,cut2,6283,POPC,813,52.81097412109375,36.30210876464844,53.11589813232422
6283,cut2,6283,POPC,814,191.04624938964844,117.81158447265625,55.25599670410156
6283,cut2,6283,POPC,815,17.792940139770508,139.62828063964844,38.952178955078125
6283,cut2,6283,POPC,816,7.483683109283447,27.344749450683594,63.94443893432617
6283,cut2,6283,POPC,817,187.7111053466797,13.598582267761229,58.63699722290039
6283,cut2,6283,POPC,818,-2.6326804161071777,222.08316040039062,55.58225631713867
6283,cut2,6283,POPC,819,99.591064453125,110.54367065429688,41.54014587402344
6283,cut2,6283,POPC,820,30.125272750854492,110.83406829833984,42.47126770019531
6283,cut2,6283,POPC,821,129.88772583007812,193.04421997070312,41.16139602661133
6283,cut2,6283,POPC,822,6.3724045753479,133.07643127441406,48.38901138305664
6283,cut2,6283,POPC,823,81.47770690917969,227.32534790039062,50.515438079833984
6283,cut2,6283,POPC,824,67.12351989746094,136.19223022460938,73.34017944335938
6283,cut2,6283,POPC,825,74.28376007080078,46.844879150390625,49.73807144165039
6283,cut2,6283,POPC,826,168.28659057617188,81.20872497558594,64.69448852539062
6283,cut2,6283,POPC,827,157.7174530029297,97.2970962524414,57.0458869934082
6283,cut2,6283,POPC,828,8.959455490112305,83.25318908691406,56.00559616088867
6283,cut2,6283,POPC,829,51.75947189331055,68.25801086425781,51.63827896118164
6283,cut2,6283,POPC,830,30.307132720947266,155.606201171875,42.544189453125
6283,cut2,6283,POPC,831,163.64158630371094,41.95954132080078,67.79688262939453
6283,cut2,6283,POPC,832,194.8981475830078,70.048828125,61.17935562133789
6283,cut2,6283,POPC,833,168.47610473632812,88.50839233398438,60.460689544677734
6283,cut2,6283,POPC,834,62.730953216552734,187.51951599121094,37.07851791381836
6283,cut2,6283,POPC,835,14.788251876831055,20.06907081604004,56.43893814086914
6283,cut2,6283,POPC,836,20.48793601989746,77.38771057128906,56.89341735839844
6283,cut2,6283,POPC,837,5.987974643707275,15.279730796813965,54.108116149902344
6283,cut2,6283,POPC,838,97.87703704833984,2.7150185108184814,54.19819259643555
6283,cut2,6283,POPC,839,152.22496032714844,135.49940490722656,42.94422912597656
6283,cut2,6283,POPC,840,66.3109130859375,242.82705688476562,46.3277587890625
6283,cut2,6283,POPC,841,155.7689666748047,224.853271484375,53.39518737792969
6283,cut2,6283,POPC,842,182.2760772705078,199.51531982421875,53.05316162109375
6283,cut2,6283,POPC,843,51.26581954956055,202.08114624023438,44.500343322753906
6283,cut2,6283,POPC,844,36.38563537597656,79.4027099609375,57.345970153808594
6283,cut2,6283,POPC,845,70.50492858886719,207.4449005126953,51.442832946777344
6283,cut2,6283,POPC,846,184.57518005371094,85.00789642333984,59.69689178466797
6283,cut2,6283,POPC,847,33.968448638916016,11.49660873413086,50.99562072753906
6283,cut2,6283,POPC,848,175.97543334960938,48.4713249206543,68.66461944580077
6283,cut2,6283,POPC,849,172.3723907470703,71.60930633544922,58.19174575805664
6283,cut2,6283,POPC,850,170.18154907226562,110.74443054199219,58.05109786987305
6283,cut2,6283,POPC,851,89.92032623291016,31.2010498046875,53.67819595336914
6283,cut2,6283,POPC,852,172.6276397705078,173.1573028564453,48.342796325683594
6283,cut2,6283,POPC,853,59.40574645996094,150.65335083007812,38.36210250854492
6283,cut2,6283,POPC,854,194.57493591308594,10.372788429260254,59.88958740234375
6283,cut2,6283,POPC,855,188.11325073242188,90.19393920898438,57.404781341552734
6283,cut2,6283,POPC,856,123.86042022705078,183.1732635498047,35.1031379699707
6283,cut2,6283,POPC,857,121.0888671875,98.44600677490234,38.41654968261719
6283,cut2,6283,POPC,858,172.48605346679688,220.39202880859375,52.63785934448242
6283,cut2,6283,POPC,859,67.350341796875,232.66122436523438,51.8250732421875
6283,cut2,6283,POPC,860,50.84486770629883,209.49349975585938,47.68423080444336
6283,cut2,6283,POPC,861,47.35970687866211,204.66171264648438,50.53577423095703
6283,cut2,6283,POPC,862,12.217771530151367,53.674625396728516,63.19931411743164
6283,cut2,6283,POPC,863,177.8293914794922,72.18143463134766,60.50699996948242
6283,cut2,6283,POPC,864,32.39785385131836,57.859493255615234,56.758872985839844
6283,cut2,6283,POPC,865,37.35514450073242,94.71562194824219,51.502559661865234
6283,cut2,6283,POPC,866,13.873291015625,93.50092315673828,98.30569458007812
6283,cut2,6283,POPC,867,16.95800018310547,146.06198120117188,40.83179473876953
6283,cut2,6283,POPC,868,32.70283889770508,180.91845703125,46.00618362426758
6283,cut2,6283,POPC,869,160.843017578125,122.89608764648438,49.16856384277344
6283,cut2,6283,POPC,870,65.02291107177734,152.384033203125,37.09973907470703
6283,cut2,6283,POPC,871,155.79075622558594,12.072627067565918,61.725399017333984
6283,cut2,6283,POPC,872,130.3820037841797,185.0574188232422,36.17245101928711
6283,cut2,6283,POPC,873,62.55265426635742,143.14627075195312,35.29807662963867
6283,cut2,6283,POPC,874,58.35759735107422,132.39756774902344,34.14798355102539
6283,cut2,6283,POPC,875,163.55589294433594,189.79830932617188,50.759517669677734
6283,cut2,6283,POPC,876,115.75871276855469,31.91397476196289,53.83602523803711
6283,cut2,6283,POPC,877,61.49147033691406,164.01361083984375,36.74432373046875
6283,cut2,6283,POPC,878,136.07122802734375,137.19940185546875,42.465980529785156
6283,cut2,6283,POPC,879,29.006587982177734,101.96382141113281,90.72940826416016
6283,cut2,6283,POPC,880,63.67645263671875,128.7670440673828,36.55223083496094
6283,cut2,6283,POPC,881,22.759550094604492,71.03124237060547,62.0777702331543
6283,cut2,6283,POPC,882,103.88157653808594,106.58999633789062,43.9151725769043
6283,cut2,6283,POPC,883,124.83787536621094,31.498584747314453,54.61006164550781
6283,cut2,6283,POPC,884,194.43603515625,243.1688995361328,63.6877326965332
6283,cut2,6283,POPC,885,26.935590744018555,194.84014892578125,48.44413757324219
6283,cut2,6283,POPC,886,75.34367370605469,220.16958618164062,47.727779388427734
6283,cut2,6283,POPC,887,38.65412902832031,174.4358367919922,46.234657287597656
6283,cut2,6283,POPC,888,48.658443450927734,17.184751510620114,49.95856857299805
6283,cut2,6283,POPC,889,8.02978515625,219.29139709472656,53.50680160522461
6283,cut2,6283,POPC,890,6.718397617340088,235.3656768798828,63.4811897277832
6283,cut2,6283,POPC,891,159.4760284423828,206.08184814453125,48.94645309448242
6283,cut2,6283,POPC,892,194.7029571533203,193.72161865234375,48.31440353393555
6283,cut2,6283,POPC,893,148.37741088867188,232.73989868164062,56.72566604614258
6283,cut2,6283,POPC,894,190.791748046875,52.592323303222656,63.65018844604492
6283,cut2,6283,POPC,895,80.2565689086914,21.41029167175293,51.555599212646484
6283,cut2,6283,POPC,896,141.4332733154297,214.41754150390625,50.80957794189453
6283,cut2,6283,POPC,897,186.78292846679688,55.90596389770508,62.6060905456543
6283,cut2,6283,POPC,898,20.640256881713867,231.4149932861328,54.90938186645508
6283,cut2,6283,POPC,899,97.18260192871094,101.66818237304688,40.81308364868164
6283,cut2,6283,POPC,900,91.71469116210938,234.18048095703125,56.371639251708984
6283,cut2,6283,POPC,901,48.487770080566406,24.37152671813965,53.186771392822266
6283,cut2,6283,POPC,902,64.802734375,195.01194763183594,42.67578887939453
6283,cut2,6283,POPC,903,185.72572326660156,128.768310546875,55.198081970214844
6283,cut2,6283,POPC,904,45.29566955566406,0.5786325931549072,48.938621520996094
6283,cut2,6283,POPC,905,161.4876251220703,176.11660766601562,48.224666595458984
6283,cut2,6283,POPC,906,75.4341812133789,5.436922550201416,49.11275863647461
6283,cut2,6283,POPC,907,29.584768295288086,208.91189575195312,50.12995147705078
6283,cut2,6283,POPC,908,174.8292999267578,199.28652954101562,53.60579299926758
6283,cut2,6283,POPC,909,195.82208251953125,173.8232421875,49.91671371459961
6283,cut2,6283,POPC,910,183.8330535888672,165.72140502929688,50.35175704956055
6283,cut2,6283,POPC,911,192.92185974121094,139.42282104492188,55.78733825683594
6283,cut2,6283,POPC,912,22.754697799682617,94.69276428222656,58.198150634765625
6283,cut2,6283,POPC,913,113.6366195678711,86.24161529541016,38.96693420410156
6283,cut2,6283,POPC,914,11.618267059326172,70.14720916748047,61.45627975463867
6283,cut2,6283,POPC,915,182.1826629638672,146.39248657226562,55.84058380126953
6283,cut2,6283,POPC,916,140.14495849609375,0.6113613843917847,57.6623420715332
6283,cut2,6283,POPC,917,189.97531127929688,234.17703247070312,62.87822341918945
6283,cut2,6283,POPC,918,7.392174243927002,35.24140930175781,60.40431594848633
6283,cut2,6283,POPC,919,44.85297775268555,210.37786865234375,48.871734619140625
6283,cut2,6283,POPC,920,73.45372772216797,66.85329437255861,46.0980110168457
6283,cut2,6283,POPC,921,89.60811614990234,50.34396743774414,54.010780334472656
6283,cut2,6283,POPC,922,110.92568969726562,143.30433654785156,35.53815460205078
6283,cut2,6283,POPC,923,12.207592010498047,145.492431640625,45.3385009765625
6283,cut2,6283,POPC,924,45.74045181274414,28.92984390258789,53.723628997802734
6283,cut2,6283,POPC,925,6.436392307281494,67.36865997314453,64.43329620361328
6283,cut2,6283,POPC,926,137.31826782226562,205.80751037597656,43.222171783447266
6283,cut2,6283,POPC,927,164.9451141357422,156.7556915283203,45.853179931640625
6283,cut2,6283,POPC,928,29.111522674560547,220.88116455078125,51.41088104248047
6283,cut2,6283,POPC,929,182.95535278320312,153.04795837402344,51.03995132446289
6283,cut2,6283,POPC,930,62.859073638916016,79.16455078125,47.433013916015625
6283,cut2,6283,POPC,931,52.47747039794922,114.89924621582031,37.9647216796875
6283,cut2,6283,POPC,932,28.615739822387695,53.83112335205078,61.69935989379883
6283,cut2,6283,POPC,933,90.71351623535156,16.54743194580078,51.101707458496094
6283,cut2,6283,POPC,934,198.91738891601562,29.896419525146484,61.27231216430664
6283,cut2,6283,POPC,935,95.3899917602539,68.48002624511719,55.25027847290039
6283,cut2,6283,POPC,936,59.339561462402344,216.6585693359375,44.12755584716797
6283,cut2,6283,POPC,937,83.52116394042969,51.32876205444336,51.65567398071289
6283,cut2,6283,POPC,938,35.86184310913086,213.30520629882812,45.417076110839844
6283,cut2,6283,POPC,939,41.81276321411133,186.86346435546875,45.384559631347656
6283,cut2,6283,POPC,940,28.43869972229004,76.77413940429688,59.390262603759766
6283,cut2,6283,POPC,941,94.4856948852539,72.5677261352539,59.11970520019531
6283,cut2,6283,POPC,942,50.81452178955078,81.17703247070312,53.26806640625
6283,cut2,6283,POPC,943,101.42442321777344,7.8775315284729,53.2259635925293
6283,cut2,6283,POPC,944,46.9458122253418,129.89796447753906,32.876739501953125
6283,cut2,6283,POPC,945,126.84160614013672,51.973819732666016,57.01927185058594
6283,cut2,6283,POPC,946,13.889453887939453,218.740234375,51.2833366394043
6283,cut2,6283,POPC,947,176.21640014648438,81.78551483154297,59.79801559448242
6283,cut2,6283,POPC,948,86.05803680419922,65.76344299316406,51.45191192626953
6283,cut2,6283,POPC,949,125.08924865722656,75.86940002441406,50.27766036987305
6283,cut2,6283,POPC,950,16.874881744384766,150.65252685546875,47.044185638427734
6283,cut2,6283,POPC,951,15.826723098754885,174.92239379882812,45.66504669189453
6283,cut2,6283,POPC,952,146.51698303222656,220.25204467773438,55.041954040527344
6283,cut2,6283,POPC,953,163.90992736816406,28.29745864868164,60.89236831665039
6283,cut2,6283,POPC,954,193.629638671875,201.30799865722656,47.512638092041016
6283,cut2,6283,POPC,955,186.3304443359375,203.70932006835938,56.37932586669922
6283,cut2,6283,POPC,956,0.6980422735214233,199.0897216796875,44.80205154418945
6283,cut2,6283,POPC,957,193.45750427246094,228.78614807128906,58.424964904785156
6283,cut2,6283,POPC,958,147.2904815673828,155.27731323242188,41.39034652709961
6283,cut2,6283,POPC,959,188.04478454589844,219.03033447265625,57.01103210449219
6283,cut2,6283,POPC,960,37.91251754760742,71.94879913330078,54.6207160949707
6283,cut2,6283,POPC,961,162.3367156982422,223.6055450439453,50.3708381652832
6283,cut2,6283,POPC,962,98.15562438964844,61.61994552612305,54.13296890258789
6283,cut2,6283,POPC,963,33.034912109375,87.84900665283203,53.22761535644531
6283,cut2,6283,POPC,964,22.217586517333984,148.00447082519528,39.18824768066406
6283,cut2,6283,POPC,965,6.126772403717041,192.0273895263672,50.463226318359375
6283,cut2,6283,POPC,966,152.4093780517578,20.097150802612305,58.66689682006836
6283,cut2,6283,POPC,967,196.0021514892578,67.08629608154297,65.67146301269531
6283,cut2,6283,POPC,968,52.72553253173828,215.57717895507812,48.26504135131836
6283,cut2,6283,POPC,969,35.8606071472168,203.7765350341797,49.43821716308594
6283,cut2,6283,POPC,970,177.56532287597656,41.7138786315918,64.45269012451172
6283,cut2,6283,POPC,971,118.60427856445312,56.66950607299805,53.71476745605469
6283,cut2,6283,POPC,972,130.4962615966797,15.500085830688477,52.36830520629883
6283,cut2,6283,POPC,973,84.13094329833984,125.2614517211914,39.53570556640625
6283,cut2,6283,POPC,974,184.19044494628906,229.57354736328125,57.316741943359375
6283,cut2,6283,POPC,975,14.558843612670898,224.8009490966797,55.41410446166992
6283,cut2,6283,POPC,976,31.691568374633793,237.89561462402344,52.81376266479492
6283,cut2,6283,POPC,977,83.20954895019531,1.386557698249817,51.98949432373047
6283,cut2,6283,POPC,978,179.8779296875,25.640460968017578,63.216678619384766
6283,cut2,6283,POPC,979,170.2161407470703,125.7000732421875,54.309547424316406
6283,cut2,6283,POPC,980,145.3794708251953,241.0532989501953,56.30483627319336
6283,cut2,6283,POPC,981,4.718977451324463,212.38365173339844,52.81814193725586
6283,cut2,6283,POPC,982,52.30989456176758,165.26756286621094,37.34626388549805
6283,cut2,6283,POPC,983,99.79727935791016,80.75110626220703,43.66204833984375
6283,cut2,6283,POPC,984,60.750205993652344,113.59086608886719,42.6324348449707
6283,cut2,6283,POPC,985,193.10980224609375,37.407745361328125,62.17228317260742
6283,cut2,6283,POPC,986,17.056991577148438,6.398681163787842,58.842044830322266
6283,cut2,6283,POPC,987,23.590909957885742,35.12363052368164,58.061805725097656
6283,cut2,6283,POPC,988,49.81535339355469,8.158860206604004,51.388755798339844
6283,cut2,6283,POPC,989,99.56828308105469,16.945220947265625,54.354820251464844
6283,cut2,6283,POPC,990,83.2293472290039,134.8553924560547,38.22616958618164
6283,cut2,6283,POPC,991,22.270036697387695,241.36427307128906,52.704566955566406
6283,cut2,6283,POPC,992,69.1715087890625,48.684486389160156,49.66752243041992
6283,cut2,6283,POPC,993,68.8466567993164,16.02474021911621,51.27621078491211
6283,cut2,6283,POPC,994,42.1262321472168,144.6438446044922,34.6792106628418
6283,cut2,6283,POPC,995,35.78684997558594,158.69869995117188,47.15651321411133
6283,cut2,6283,POPC,996,23.112197875976562,18.189559936523438,57.210540771484375
6283,cut2,6283,POPC,997,132.03778076171875,177.12887573242188,39.722312927246094
6283,cut2,6283,POPC,998,189.87149047851562,187.05218505859375,48.845088958740234
6283,cut2,6283,POPC,999,110.86572265625,71.6290512084961,46.867034912109375
6283,cut2,6283,POPC,1000,44.21845245361328,175.42327880859375,43.5947151184082
6283,cut2,6283,POPC,1001,102.15460968017578,117.05194091796875,44.08021926879883
6283,cut2,6283,POPC,1002,28.419519424438477,68.48542022705078,63.8992805480957
6283,cut2,6283,POPC,1003,120.8136978149414,163.5924072265625,32.06215286254883
6283,cut2,6283,POPC,1004,90.42733764648438,24.864015579223633,48.85348892211914
6283,cut2,6283,POPC,1005,102.27413177490234,122.78534698486328,46.230224609375
6283,cut2,6283,POPC,1006,166.70217895507812,117.19864654541016,53.04191970825196
6283,cut2,6283,POPC,1007,137.6785125732422,16.772237777709964,53.48706817626953
6283,cut2,6283,POPC,1008,11.423578262329102,46.86118698120117,64.47650146484375
6283,cut2,6283,POPC,1009,158.29388427734375,212.11251831054688,52.53020095825195
6283,cut2,6283,POPC,1010,23.069005966186523,26.3022518157959,54.9305419921875
6283,cut2,6283,POPC,1011,49.51943588256836,159.4423370361328,40.47955322265625
6283,cut2,6283,POPC,1012,12.566810607910156,210.0592041015625,52.88838195800781
6283,cut2,6283,POPC,1013,38.621429443359375,195.75758361816406,48.82990646362305
6283,cut2,6283,POPC,1014,37.567256927490234,61.04497146606445,54.899009704589844
6283,cut2,6283,POPC,1015,192.60934448242188,213.09898376464844,56.81016540527344
6283,cut2,6283,POPC,1016,13.311397552490234,170.3328094482422,49.85638427734375
6283,cut2,6283,POPC,1017,30.149951934814453,134.43125915527344,36.31094741821289
6283,cut2,6283,POPC,1018,56.86170196533203,124.66129302978516,33.46400833129883
6283,cut2,6283,POPC,1019,177.2463836669922,145.19851684570312,59.29634094238281
6283,cut2,6283,POPC,1020,54.28603744506837,76.6672592163086,49.325469970703125
6283,cut2,6283,POPC,1021,138.056884765625,102.13946533203125,45.92568588256836
6283,cut2,6283,POPC,1022,152.99905395507812,149.48741149902344,39.84285354614258
6283,cut2,6283,POPC,1023,185.24667358398438,106.7462387084961,61.71937942504883
6283,cut2,6283,POPC,1024,122.18685150146484,4.011324882507324,53.40817642211914
6283,cut2,6283,POPC,1025,194.7846221923828,25.732845306396484,58.458988189697266
6283,cut2,6283,POPC,1026,102.66839599609375,33.71830368041992,48.370880126953125
6283,cut2,6283,POPC,1027,154.82969665527344,181.8246307373047,49.56343460083008
6283,cut2,6283,POPC,1028,172.76853942871094,33.605953216552734,62.12149429321289
6283,cut2,6283,POPC,1029,96.11673736572266,30.84857940673828,52.2296142578125
6283,cut2,6283,POPC,1030,177.6708526611328,116.5081787109375,57.815406799316406
6283,cut2,6283,POPC,1031,32.54093551635742,4.028109550476074,47.4572868347168
6283,cut2,6283,POPC,1032,101.12039184570312,89.77421569824219,42.206302642822266
6283,cut2,6283,POPC,1033,55.938331604003906,57.646610260009766,50.48972702026367
6283,cut2,6283,POPC,1034,39.600059509277344,242.4565887451172,46.987388610839844
6283,cut2,6283,POPC,1035,136.8466033935547,171.8218994140625,41.78313446044922
6283,cut2,6283,POPC,1036,38.24613571166992,30.746824264526367,54.92763137817383
6283,cut2,6283,POPC,1037,39.291446685791016,23.005409240722656,53.846675872802734
6283,cut2,6283,POPC,1038,164.91505432128906,164.60923767089844,48.09272003173828
6283,cut2,6283,POPC,1039,159.9381103515625,13.349359512329102,57.214603424072266
6283,cut2,6283,POPC,1040,146.072509765625,147.84397888183594,42.40072250366211
6283,cut2,6283,POPC,1041,19.29474639892578,65.0308837890625,64.74774932861328
6283,cut2,6283,POPC,1042,75.05140686035156,25.20998764038086,50.53837203979492
6283,cut2,6283,POPC,1043,192.1304931640625,160.72959899902344,50.14399337768555
6283,cut2,6283,POPC,1044,29.265804290771484,160.96145629882812,46.312217712402344
6283,cut2,6283,POPC,1045,63.74604415893555,93.85659790039062,42.035648345947266
6283,cut2,6283,POPC,1046,55.673057556152344,233.05274963378906,52.264129638671875
6283,cut2,6283,POPC,1047,84.80538940429688,81.80956268310547,46.13576889038086
6283,cut2,6283,POPC,1048,22.406957626342773,7.212610244750977,54.527950286865234
6283,cut2,6283,POPC,1049,182.36109924316406,188.9302978515625,51.7158317565918
6283,cut2,6283,POPC,1050,175.0604248046875,18.94832420349121,60.79741287231445
6283,cut2,6283,POPC,1051,127.35070037841797,201.19915771484375,41.6141357421875
6283,cut2,6283,POPC,1052,162.94850158691406,129.0596923828125,48.02342224121094
6283,cut2,6283,POPC,1053,173.8547821044922,130.2266082763672,54.022159576416016
6283,cut2,6283,POPC,1054,185.86407470703125,194.8442840576172,55.13866424560547
6283,cut2,6283,POPC,1055,179.90586853027344,89.15906524658203,60.21391677856445
6283,cut2,6283,POPC,1056,18.810218811035156,240.92462158203125,57.941123962402344
6283,cut2,6283,POPC,1057,160.0278778076172,141.44668579101562,42.08857345581055
6283,cut2,6283,POPC,1058,33.75257110595703,147.29251098632812,37.089717864990234
6283,cut2,6283,POPC,1059,180.53512573242188,242.84814453125,62.90865707397461
6283,cut2,6283,POPC,1060,179.5482940673828,225.68710327148438,55.05451965332031
6283,cut2,6283,POPC,1061,17.70604705810547,87.6894760131836,54.03936767578125
6283,cut2,6283,POPC,1062,182.2611083984375,80.24512481689453,61.43027114868164
6283,cut2,6283,POPC,1063,166.917236328125,199.73590087890625,48.800071716308594
6283,cut2,6283,POPC,1064,181.24195861816406,214.75018310546875,53.7755241394043
6283,cut2,6283,POPC,1065,31.759004592895508,17.131378173828125,52.09221267700195
6283,cut2,6283,POPC,1066,4.896124362945557,204.02981567382812,47.253135681152344
6283,cut2,6283,POPC,1067,43.67641067504882,75.33820343017578,53.93500900268555
6283,cut2,6283,POPC,1068,83.70592498779297,70.82061004638672,50.326515197753906
6283,cut2,6283,POPC,1069,117.84977722167969,51.12712097167969,54.29719543457031
6283,cut2,6283,POPC,1070,110.03480529785156,81.22344970703125,41.16362380981445
6283,cut2,6283,POPC,1071,74.40992736816406,18.973039627075195,50.54847717285156
6283,cut2,6283,POPC,1072,144.10089111328125,177.606201171875,45.21281051635742
6283,cut2,6283,POPC,1073,18.51540756225586,50.6588249206543,60.492061614990234
6283,cut2,6283,POPC,1074,197.44129943847656,14.640645980834961,55.91289138793945
6283,cut2,6283,POPC,1075,79.42849731445312,211.83743286132812,49.76642608642578
6283,cut2,6283,POPC,1076,12.950864791870117,59.34921646118164,64.59664154052734
6283,cut2,6283,POPC,1077,169.6477508544922,21.984508514404297,62.460994720458984
6283,cut2,6283,POPC,1078,43.33377456665039,12.333377838134766,49.78678894042969
6283,cut2,6283,POPC,1079,73.836669921875,58.49310302734375,49.224021911621094
6283,cut2,6283,POPC,1080,70.9576416015625,9.073281288146973,47.195987701416016
6283,cut2,6283,POPC,1081,194.74679565429688,98.00497436523438,62.99287033081055
6283,cut2,6283,POPC,1082,12.381208419799805,187.40960693359375,46.3516731262207
6283,cut2,6283,POPC,1083,71.23126220703125,187.66026306152344,36.93883514404297
6283,cut2,6283,POPC,1084,181.9396209716797,234.28225708007812,61.68503952026367
6283,cut2,6283,POPC,1085,158.09317016601562,21.65595054626465,59.65481185913086
6283,cut2,6283,POPC,1086,154.10064697265625,172.80694580078125,48.837547302246094
6283,cut2,6283,POPC,1087,174.72061157226562,161.61923217773438,48.14873504638672
6283,cut2,6283,POPC,1088,144.47987365722656,135.9849853515625,42.19377136230469
6283,cut2,6283,POPC,1089,40.59308624267578,66.52310943603516,56.82163619995117
6283,cut2,6283,POPC,1090,178.95053100585938,170.76031494140625,47.7679443359375
6283,cut2,6283,POPC,1091,42.088138580322266,223.09130859375,51.494598388671875
6283,cut2,6283,POPC,1092,156.43275451660156,37.140586853027344,66.72750091552734
6283,cut2,6283,POPC,1093,94.8104248046875,187.80508422851562,38.22829818725586
6283,cut2,6283,POPC,1094,76.04655456542969,76.7273178100586,50.46651077270508
6283,cut2,6283,POPC,1095,85.01095581054688,37.730445861816406,49.51792526245117
6283,cut2,6283,POPC,1096,130.00096130371094,136.73155212402344,40.09763717651367
6283,cut2,6283,POPC,1097,167.62669372558594,136.92916870117188,53.734214782714844
6283,cut2,6283,POPC,1098,84.55985260009766,13.785222053527832,48.03385543823242
6283,cut2,6283,POPC,1099,170.61923217773438,234.43051147460938,55.716156005859375
6283,cut2,6283,POPC,1100,55.052913665771484,48.80015182495117,49.92253112792969
6283,cut2,6283,POPC,1101,117.14929962158203,22.710607528686523,53.615211486816406
6283,cut2,6283,POPC,1102,155.4954071044922,245.53567504882812,58.10629653930664
6283,cut2,6283,POPC,1103,3.6394906044006348,225.1580352783203,53.65205764770508
6283,cut2,6283,POPC,1104,131.39247131347656,25.891342163085938,54.141143798828125
6283,cut2,6283,POPC,1105,93.16932678222656,77.64419555664062,51.33454513549805
6283,cut2,6283,POPC,1106,50.95292663574219,222.9481658935547,48.36809158325195
6283,cut2,6283,POPC,1107,111.75726318359375,174.8767547607422,30.803321838378906
6283,cut2,6283,POPC,1108,155.0102081298828,189.19744873046875,50.48445510864258
6283,cut2,6283,POPC,1109,193.80270385742188,112.73439025878906,58.13545227050781
6283,cut2,6283,POPC,1110,136.24940490722656,11.226957321166992,52.842918395996094
6283,cut2,6283,POPC,1111,74.1665267944336,147.90313720703125,38.40152359008789
6283,cut2,6283,POPC,1112,14.434320449829102,92.44334411621094,54.30413055419922
6283,cut2,6283,POPC,1113,3.417738437652588,240.30224609375,59.65985870361328
6283,cut2,6283,POPC,1114,14.365257263183594,204.4654083251953,50.0849494934082
6283,cut2,6283,POPC,1115,63.53844451904297,158.86431884765625,38.85913848876953
6283,cut2,6283,POPC,1116,12.63609504699707,241.18397521972656,58.303977966308594
6283,cut2,6283,POPC,1117,172.7797088623047,27.336881637573242,63.64487838745117
6283,cut2,6283,POPC,1118,9.033288955688477,42.72806167602539,60.82673263549805
6283,cut2,6283,POPC,1119,182.90797424316406,102.39134216308594,59.164363861083984
6283,cut2,6283,POPC,1120,138.78260803222656,196.39395141601562,43.38009262084961
6283,cut2,6283,POPC,1121,115.8012466430664,94.00004577636719,39.10020065307617
6283,cut2,6283,POPC,1122,61.70063400268555,49.36869812011719,48.06272888183594
6283,cut2,6283,POPC,1123,156.14938354492188,239.9869842529297,55.818145751953125
6283,cut2,6283,POPC,1124,190.36744689941406,2.6451501846313477,62.6467399597168
6283,cut2,6283,POPC,1125,51.731990814208984,145.31918334960938,33.55900573730469
6283,cut2,6283,POPC,1126,117.84617614746094,169.17897033691406,31.41350555419922
6283,cut2,6283,POPC,1127,44.9597282409668,50.20087814331055,51.81406784057617
6283,cut2,6283,POPC,1128,36.06409454345703,224.26690673828125,53.0864372253418
6283,cut2,6283,POPC,1129,92.8991470336914,58.880950927734375,56.40838623046875
6283,cut2,6283,POPC,1130,103.46514129638672,177.80677795410156,29.97171401977539
6283,cut2,6283,POPC,1131,-0.9736915826797485,95.10383605957031,59.71986389160156
6283,cut2,6283,POPC,1132,45.41326141357422,56.035606384277344,51.41743087768555
6283,cut2,6283,POPC,1133,18.309926986694336,182.94024658203125,46.96919631958008
6283,cut2,6283,POPC,1134,56.99985122680664,32.09783935546875,47.12025833129883
6283,cut2,6283,POPC,1135,87.62507629394531,57.31382369995117,52.693424224853516
6283,cut2,6283,POPC,1136,137.6015167236328,148.28099060058594,44.700843811035156
6283,cut2,6283,POPC,1137,33.09846878051758,68.99262237548828,59.796329498291016
6283,cut2,6283,POPC,1138,182.55819702148435,113.5682373046875,60.906063079833984
6283,cut2,6283,POPC,1139,32.88173294067383,187.63563537597656,44.327823638916016
6283,cut2,6283,POPC,1140,25.318023681640625,47.34604263305664,59.04186248779297
6283,cut2,6283,POPC,1141,93.68868255615234,124.5119400024414,46.4979133605957
6283,cut2,6283,POPC,1142,51.208961486816406,52.136592864990234,52.102481842041016
6283,cut2,6283,POPC,1143,180.8294219970703,17.46448516845703,59.88808059692383
6283,cut2,6283,SAPI,1144,94.16875457763672,48.521121978759766,48.04323959350586
6283,cut2,6283,SAPI,1145,67.83544158935547,135.32684326171875,34.92036819458008
6283,cut2,6283,SAPI,1146,121.2036361694336,40.02811813354492,58.65592956542969
6283,cut2,6283,SAPI,1147,194.35711669921875,44.59793472290039,64.31973266601562
6283,cut2,6283,SAPI,1148,28.52879524230957,142.14430236816406,35.649078369140625
6283,cut2,6283,SAPI,1149,6.27800989151001,154.78616333007812,51.311378479003906
6283,cut2,6283,SAPI,1150,171.88955688476562,144.38734436035156,55.518165588378906
6283,cut2,6283,SAPI,1151,115.11295318603516,161.84654235839844,29.860225677490234
6283,cut2,6283,SAPI,1152,8.649446487426758,140.4879913330078,48.663204193115234
6283,cut2,6283,SAPI,1153,74.4606704711914,201.73056030273438,42.750396728515625
6283,cut2,6283,SAPI,1154,93.10712432861328,9.571928024291992,49.448997497558594
6283,cut2,6283,SAPI,1155,152.59532165527344,30.832048416137695,63.62484359741211
6283,cut2,6283,SAPI,1156,127.83076477050781,143.0753936767578,37.97986602783203
6283,cut2,6283,SAPI,1157,142.36175537109375,26.888387680053714,53.35686111450195
6283,cut2,6283,SAPI,1158,176.7059326171875,105.29833221435547,57.89077377319336
6283,cut2,6283,SAPI,1159,87.41683197021484,89.10167694091797,44.05889129638672
6283,cut2,6283,SAPI,1160,135.81333923339844,213.47480773925778,47.40135192871094
6283,cut2,6283,SAPI,1161,75.57935333251953,88.86624145507812,44.033447265625
6283,cut2,6283,SAPI,1162,135.5667724609375,128.3997039794922,42.96831130981445
6283,cut2,6283,SAPI,1163,165.23410034179688,95.3021240234375,56.43971252441406
6283,cut2,6283,SAPI,1164,157.4438018798828,127.57687377929688,43.572715759277344
6283,cut2,6283,SAPI,1165,153.1333465576172,105.65069580078125,56.81576919555664
6283,cut2,6283,SAPI,1166,7.345129489898682,96.07469940185547,53.25922775268555
6283,cut2,6283,SAPI,1167,164.4921417236328,216.9532470703125,51.1922492980957
6283,cut2,6283,SAPI,1168,165.86090087890625,19.594406127929688,60.8779411315918
6283,cut2,6283,SAPI,1169,164.45533752441406,62.540897369384766,63.40140914916992
6283,cut2,6283,SAPI,1170,77.66810607910156,188.9128875732422,33.87980651855469
6283,cut2,6283,SAPI,1171,94.79757690429688,225.15170288085938,56.80027389526367
6283,cut2,6283,SAPI,1172,103.72923278808594,163.05447387695312,30.210739135742188
6283,cut2,6283,SAPI,1173,148.1842041015625,26.47894287109375,58.82773208618164
6283,cut2,6283,SAPI,1174,90.66647338867188,84.55726623535156,44.555946350097656
6283,cut2,6283,SAPI,1175,89.8869857788086,208.0440216064453,48.67442321777344
6283,cut2,6283,SAPI,1176,129.41427612304688,-1.838503122329712,53.75938415527344
6283,cut2,6283,SAPI,1177,30.90033531188965,26.197977066040036,54.273773193359375
6283,cut2,6283,SAPI,1178,75.05039978027344,159.36801147460938,33.69528579711914
6283,cut2,6283,SAPI,1179,113.96800994873047,243.79815673828125,55.41796875
6283,cut2,6283,SAPI,1180,125.68041229248047,148.5260467529297,37.11248779296875
6283,cut2,6283,SAPI,1181,60.0549430847168,117.96427917480469,34.469635009765625
