,System,Frame,Resname,Resnum,X,Y,Z
644,cut2,644,POPC,0,170.91848754882812,95.01781463623047,96.7261962890625
644,cut2,644,POPC,1,12.13482666015625,176.35182189941406,90.78517150878906
644,cut2,644,POPC,2,164.76150512695312,25.893905639648438,104.09516143798828
644,cut2,644,POPC,3,129.77330017089844,130.43365478515625,85.91252899169922
644,cut2,644,POPC,4,2.2210657596588135,221.83245849609375,93.16085815429688
644,cut2,644,POPC,5,148.44879150390625,179.60829162597656,84.25028991699219
644,cut2,644,POPC,6,186.82351684570312,213.35340881347656,93.61904907226562
644,cut2,644,POPC,7,59.56766128540039,64.57929229736328,90.81339263916016
644,cut2,644,POPC,8,44.30280685424805,211.6879425048828,96.03734588623047
644,cut2,644,POPC,9,135.4745330810547,156.48731994628906,83.86967468261719
644,cut2,644,POPC,10,125.9748764038086,186.37448120117188,79.35980224609375
644,cut2,644,POPC,11,7.413562774658203,184.4622802734375,92.5562744140625
644,cut2,644,POPC,12,2.6202547550201416,215.76846313476562,90.32534790039062
644,cut2,644,POPC,13,153.4947509765625,224.7671356201172,96.44918060302734
644,cut2,644,POPC,14,114.23628997802734,167.72856140136716,73.56735992431639
644,cut2,644,POPC,15,160.75978088378906,194.42852783203125,86.65979766845703
644,cut2,644,POPC,16,85.31127166748047,143.59616088867188,74.94091033935547
644,cut2,644,POPC,17,90.90632629394531,96.94416809082031,75.3314208984375
644,cut2,644,POPC,18,17.98173713684082,59.25092315673828,101.8799057006836
644,cut2,644,POPC,19,87.28685760498047,18.866565704345703,95.83766174316405
644,cut2,644,POPC,20,139.65098571777344,213.8724365234375,91.35042572021486
644,cut2,644,POPC,21,103.98191833496094,89.98030853271484,78.88919830322266
644,cut2,644,POPC,22,89.02850341796875,233.5683135986328,94.80022430419922
644,cut2,644,POPC,23,103.68616485595703,49.349613189697266,91.12482452392578
644,cut2,644,POPC,24,34.1011962890625,39.942840576171875,101.33431243896484
644,cut2,644,POPC,25,164.70584106445312,204.69744873046875,90.63516998291017
644,cut2,644,POPC,26,60.695621490478516,158.8291473388672,82.698486328125
644,cut2,644,POPC,27,13.066123962402344,156.12818908691406,85.60881805419922
644,cut2,644,POPC,28,57.716373443603516,139.7052459716797,79.17106628417969
644,cut2,644,POPC,29,99.8409423828125,78.9072494506836,80.6638412475586
644,cut2,644,POPC,30,49.45238494873047,216.0517578125,95.5542984008789
644,cut2,644,POPC,31,136.0709686279297,222.36431884765625,89.56684875488281
644,cut2,644,POPC,32,10.456045150756836,210.3875274658203,94.87911224365234
644,cut2,644,POPC,33,80.10169982910156,93.0788345336914,83.6832046508789
644,cut2,644,POPC,34,53.0163459777832,172.77108764648438,90.078857421875
644,cut2,644,POPC,35,183.9444122314453,66.00601959228516,104.98208618164062
644,cut2,644,POPC,36,66.10126495361328,90.10861206054688,84.22801971435547
644,cut2,644,POPC,37,181.0690460205078,220.24407958984375,95.71408081054688
644,cut2,644,POPC,38,50.65032958984375,229.88470458984375,100.66100311279297
644,cut2,644,POPC,39,28.55567169189453,29.2904052734375,102.36653137207031
644,cut2,644,POPC,40,99.76673126220703,105.453125,73.23085021972656
644,cut2,644,POPC,41,118.72596740722656,34.215606689453125,89.41142272949219
644,cut2,644,POPC,42,171.75209045410156,142.62765502929685,90.32209777832031
644,cut2,644,POPC,43,51.43097686767578,87.35538482666016,90.6933822631836
644,cut2,644,POPC,44,42.916316986083984,184.65933227539062,90.80305480957031
644,cut2,644,POPC,45,36.26519012451172,223.4266357421875,96.82286071777344
644,cut2,644,POPC,46,67.52729797363281,194.8288116455078,95.01581573486328
644,cut2,644,POPC,47,181.7051239013672,84.43389129638672,98.95800018310547
644,cut2,644,POPC,48,46.36804962158203,70.51641082763672,90.30641174316406
644,cut2,644,POPC,49,50.87967300415039,3.022991895675659,97.51594543457031
644,cut2,644,POPC,50,76.10979461669922,181.67684936523438,88.51213073730469
644,cut2,644,POPC,51,101.37370300292969,186.65684509277344,73.32160949707031
644,cut2,644,POPC,52,136.41204833984375,68.65304565429688,86.601806640625
644,cut2,644,POPC,53,1.8660919666290283,234.36932373046875,99.50450897216797
644,cut2,644,POPC,54,135.9473419189453,204.44847106933594,84.94287109375
644,cut2,644,POPC,55,128.08786010742188,198.95664978027344,78.56109619140625
644,cut2,644,POPC,56,49.549560546875,54.310546875,96.48258972167969
644,cut2,644,POPC,57,0.2065880000591278,205.75384521484375,94.52397155761719
644,cut2,644,POPC,58,2.1602070331573486,161.9241180419922,93.03751373291016
644,cut2,644,POPC,59,187.82562255859375,184.361083984375,94.36396789550781
644,cut2,644,POPC,60,158.67327880859375,200.2104034423828,90.05763244628906
644,cut2,644,POPC,61,192.1692657470703,205.6752624511719,93.2000732421875
644,cut2,644,POPC,62,84.18606567382812,65.3060531616211,87.91195678710938
644,cut2,644,POPC,63,149.89576721191406,16.968036651611328,103.16826629638672
644,cut2,644,POPC,64,108.3257827758789,140.535888671875,82.62974548339844
644,cut2,644,POPC,65,77.85951232910156,69.78458404541016,88.18194580078125
644,cut2,644,POPC,66,194.67962646484375,217.5778350830078,91.10301971435547
644,cut2,644,POPC,67,197.1139373779297,161.02890014648438,88.26390075683594
644,cut2,644,POPC,68,147.7681121826172,219.61471557617188,95.22090148925781
644,cut2,644,POPC,69,90.2273941040039,59.28325653076172,89.3803939819336
644,cut2,644,POPC,70,102.80040740966797,199.7401123046875,50.24308395385742
644,cut2,644,POPC,71,176.6186981201172,101.17057037353516,101.11241912841797
644,cut2,644,POPC,72,175.18344116210938,89.21028900146484,96.9356918334961
644,cut2,644,POPC,73,202.21505737304688,131.6362762451172,78.93828582763672
644,cut2,644,POPC,74,156.4594268798828,0.5651223659515381,96.6794204711914
644,cut2,644,POPC,75,49.42182540893555,160.01358032226562,83.77465057373047
644,cut2,644,POPC,76,128.98773193359375,153.81500244140625,82.44612884521484
644,cut2,644,POPC,77,128.58291625976562,-5.578729629516602,96.6151123046875
644,cut2,644,POPC,78,164.38243103027344,148.11517333984375,93.51349639892578
644,cut2,644,POPC,79,13.557851791381836,93.61682891845703,53.62312698364258
644,cut2,644,POPC,80,76.1554183959961,38.840301513671875,94.87942504882812
644,cut2,644,POPC,81,72.5860595703125,200.40728759765625,94.20452880859375
644,cut2,644,POPC,82,40.36976623535156,42.58784484863281,99.23394775390625
644,cut2,644,POPC,83,49.186946868896484,208.8856201171875,94.88057708740234
644,cut2,644,POPC,84,69.79317474365234,149.06961059570312,80.34431457519531
644,cut2,644,POPC,85,113.9908676147461,99.92353820800781,80.08625030517578
644,cut2,644,POPC,86,39.34340286254883,102.94011688232422,85.91146087646484
644,cut2,644,POPC,87,42.30667495727539,11.472368240356445,97.4261703491211
644,cut2,644,POPC,88,166.91265869140625,33.45707321166992,111.94515991210938
644,cut2,644,POPC,89,31.487442016601562,-1.5118725299835205,101.81304168701172
644,cut2,644,POPC,90,13.767461776733398,231.30271911621094,95.43197631835938
644,cut2,644,POPC,91,119.11214447021484,162.54879760742188,74.04491424560547
644,cut2,644,POPC,92,179.0511016845703,236.34674072265625,95.77715301513672
644,cut2,644,POPC,93,179.59954833984375,40.617210388183594,109.82278442382812
644,cut2,644,POPC,94,113.73468780517578,202.7287139892578,79.82738494873047
644,cut2,644,POPC,95,140.71803283691406,133.37489318847656,88.2063980102539
644,cut2,644,POPC,96,107.94339752197266,123.9873275756836,51.73363494873047
644,cut2,644,POPC,97,56.579498291015625,101.81376647949219,84.39112854003906
644,cut2,644,POPC,98,102.63898468017578,34.1347541809082,96.41218566894531
644,cut2,644,POPC,99,12.23484992980957,30.855758666992188,106.17776489257812
644,cut2,644,POPC,100,25.880657196044922,82.42185974121094,98.7569351196289
644,cut2,644,POPC,101,97.4578628540039,127.93489074707031,79.8990249633789
644,cut2,644,POPC,102,115.75529479980469,192.82623291015625,79.95841217041016
644,cut2,644,POPC,103,83.72814178466797,41.15760803222657,92.04480743408203
644,cut2,644,POPC,104,16.72003746032715,15.769540786743164,104.19071960449219
644,cut2,644,POPC,105,6.2085065841674805,75.31888580322266,100.8293685913086
644,cut2,644,POPC,106,156.56430053710938,231.14089965820312,95.58258056640625
644,cut2,644,POPC,107,48.227359771728516,36.7773323059082,98.63745117187501
644,cut2,644,POPC,108,129.76234436035156,41.772987365722656,90.25538635253906
644,cut2,644,POPC,109,155.81863403320312,27.661746978759766,104.09024810791016
644,cut2,644,POPC,110,21.332550048828125,241.05691528320312,99.74072265625
644,cut2,644,POPC,111,131.323486328125,99.99822998046875,78.6038589477539
644,cut2,644,POPC,112,104.46902465820312,40.16789627075195,91.04299926757812
644,cut2,644,POPC,113,97.73077392578125,21.55545425415039,94.24481964111328
644,cut2,644,POPC,114,48.89177322387695,29.99213409423828,99.1085433959961
644,cut2,644,POPC,115,33.770416259765625,58.364845275878906,97.85504150390625
644,cut2,644,POPC,116,126.5683364868164,83.32839965820312,79.08043670654297
644,cut2,644,POPC,117,130.8848876953125,203.294921875,81.91766357421875
644,cut2,644,POPC,118,176.48858642578125,66.3214111328125,101.77558898925781
644,cut2,644,POPC,119,104.50753784179688,68.97948455810547,87.6827392578125
644,cut2,644,POPC,120,186.81167602539062,9.977907180786133,105.96575164794922
644,cut2,644,POPC,121,29.31346893310547,204.7740478515625,95.94641876220703
644,cut2,644,POPC,122,98.20433044433594,73.30860137939453,86.1665267944336
644,cut2,644,POPC,123,145.84056091308594,166.42218017578125,84.01325988769531
644,cut2,644,POPC,124,124.76605987548828,122.7775650024414,81.89015197753906
644,cut2,644,POPC,125,62.80586624145508,7.583398818969727,96.48184204101562
644,cut2,644,POPC,126,40.405792236328125,56.70391082763672,100.05989074707031
644,cut2,644,POPC,127,58.39498519897461,168.8743133544922,86.31318664550781
644,cut2,644,POPC,128,135.47317504882812,131.7487030029297,88.50086975097656
644,cut2,644,POPC,129,5.439243316650391,195.71925354003906,93.04806518554689
644,cut2,644,POPC,130,63.97111129760742,221.7500457763672,55.197662353515625
644,cut2,644,POPC,131,103.8775863647461,137.7351531982422,46.77931213378906
644,cut2,644,POPC,132,78.10381317138672,207.01614379882812,94.10214233398438
644,cut2,644,POPC,133,178.81654357910156,6.250680923461914,104.02684783935547
644,cut2,644,POPC,134,189.291748046875,44.63218688964844,106.23213195800781
644,cut2,644,POPC,135,147.74073791503906,212.31935119628906,93.15735626220703
644,cut2,644,POPC,136,85.90608215332031,49.08671951293945,90.54290771484375
644,cut2,644,POPC,137,25.332584381103516,10.000085830688477,100.86361694335938
644,cut2,644,POPC,138,141.92266845703125,180.24246215820312,81.26699829101562
644,cut2,644,POPC,139,151.1775360107422,152.9889373779297,92.46758270263672
644,cut2,644,POPC,140,6.798827171325684,106.58492279052734,96.32727813720703
644,cut2,644,POPC,141,181.38037109375,57.50358581542969,103.66759490966797
644,cut2,644,POPC,142,37.304779052734375,140.21046447753906,77.54103088378906
644,cut2,644,POPC,143,145.07411193847656,149.98423767089844,90.80828094482422
644,cut2,644,POPC,144,131.56048583984375,123.26178741455078,84.2214126586914
644,cut2,644,POPC,145,190.44102478027344,100.76879119873047,100.1306381225586
644,cut2,644,POPC,146,113.26437377929688,42.34996795654297,88.69062805175783
644,cut2,644,POPC,147,178.26644897460938,109.06229400634766,99.0192642211914
644,cut2,644,POPC,148,192.90284729003906,11.589029312133789,104.95003509521484
644,cut2,644,POPC,149,58.2299690246582,217.3275604248047,97.58824157714844
644,cut2,644,POPC,150,133.750732421875,78.55950164794922,81.27911376953125
644,cut2,644,POPC,151,190.21490478515625,89.27305603027344,100.17698669433594
644,cut2,644,POPC,152,21.173534393310547,37.42616271972656,101.4235610961914
644,cut2,644,POPC,153,181.92503356933594,93.16898345947266,100.22614288330078
644,cut2,644,POPC,154,125.65028381347656,142.9912567138672,84.36726379394531
644,cut2,644,POPC,155,31.250423431396484,178.63690185546875,92.94491577148438
644,cut2,644,POPC,156,16.005319595336914,101.57701110839844,98.18140411376953
644,cut2,644,POPC,157,63.8056755065918,96.14642333984375,82.05754089355469
644,cut2,644,POPC,158,26.16949462890625,217.48963928222656,95.93205261230469
644,cut2,644,POPC,159,22.646574020385742,138.08120727539062,78.4841537475586
644,cut2,644,POPC,160,175.10897827148438,78.99385833740234,100.81597137451172
644,cut2,644,POPC,161,13.199140548706055,186.7696990966797,91.58329772949219
644,cut2,644,POPC,162,106.04808044433594,108.26510620117188,74.82930755615234
644,cut2,644,POPC,163,43.25209045410156,156.91207885742188,86.27580261230469
644,cut2,644,POPC,164,115.06383514404295,7.3102874755859375,93.0347900390625
644,cut2,644,POPC,165,83.6259994506836,158.92855834960938,79.40480041503905
644,cut2,644,POPC,166,191.28323364257812,69.4189453125,104.31461334228516
644,cut2,644,POPC,167,182.953369140625,14.27728271484375,110.22505950927734
644,cut2,644,POPC,168,48.63535690307617,166.46966552734375,88.07821655273438
644,cut2,644,POPC,169,19.852285385131836,158.2382354736328,88.33526611328125
644,cut2,644,POPC,170,45.509944915771484,62.300987243652344,92.12010192871094
644,cut2,644,POPC,171,161.56690979003906,121.639892578125,92.65909576416016
644,cut2,644,POPC,172,35.637542724609375,72.0747299194336,95.29666900634766
644,cut2,644,POPC,173,120.63685607910156,76.37950134277344,77.47337341308594
644,cut2,644,POPC,174,203.92062377929688,138.92550659179688,89.9625015258789
644,cut2,644,POPC,175,143.0557403564453,194.36691284179688,84.06364440917969
644,cut2,644,POPC,176,9.414566040039062,81.58069610595703,98.61328125
644,cut2,644,POPC,177,128.21328735351562,68.07616424560547,85.58013153076172
644,cut2,644,POPC,178,114.07063293457031,36.75621032714844,91.4605712890625
644,cut2,644,POPC,179,139.08746337890625,158.1239776611328,88.37957763671875
644,cut2,644,POPC,180,40.90165328979492,1.0966250896453857,99.9011688232422
644,cut2,644,POPC,181,124.59905242919922,50.92082595825195,89.09654235839844
644,cut2,644,POPC,182,100.6949462890625,83.67639923095703,78.61099243164062
644,cut2,644,POPC,183,180.7359161376953,125.62295532226562,94.82135772705078
644,cut2,644,POPC,184,113.10652160644531,67.30776977539062,85.64826965332031
644,cut2,644,POPC,185,200.59854125976562,44.14285659790039,100.26409149169922
644,cut2,644,POPC,186,100.85357666015625,135.57296752929688,81.84245300292969
644,cut2,644,POPC,187,164.68870544433594,16.38909149169922,102.82449340820312
644,cut2,644,POPC,188,42.003910064697266,97.46263122558594,86.4422378540039
644,cut2,644,POPC,189,118.09318542480469,55.32276153564453,86.98789978027344
644,cut2,644,POPC,190,161.94680786132812,187.75064086914062,85.47211456298828
644,cut2,644,POPC,191,119.75311279296875,82.03014373779297,79.85955047607422
644,cut2,644,POPC,192,59.3288459777832,216.34292602539062,58.934024810791016
644,cut2,644,POPC,193,189.9793243408203,78.45945739746094,99.40168762207031
644,cut2,644,POPC,194,5.720215797424316,28.463092803955078,107.0723648071289
644,cut2,644,POPC,195,98.38042449951172,27.652259826660156,92.42546844482422
644,cut2,644,POPC,196,15.706880569458008,78.10031127929688,98.31574249267578
644,cut2,644,POPC,197,189.12155151367188,53.206947326660156,105.88423919677734
644,cut2,644,POPC,198,1.9016458988189697,171.3019561767578,94.64993286132812
644,cut2,644,POPC,199,79.5782241821289,46.265846252441406,91.84417724609375
644,cut2,644,POPC,200,37.47667694091797,175.17263793945312,88.9525146484375
644,cut2,644,POPC,201,91.33837127685547,44.49683380126953,89.2743911743164
644,cut2,644,POPC,202,192.3919677734375,9.194807052612305,63.87936782836914
644,cut2,644,POPC,203,75.72628784179688,85.72991180419922,84.72781372070312
644,cut2,644,POPC,204,134.91148376464844,196.08758544921875,80.67347717285156
644,cut2,644,POPC,205,167.45779418945312,224.69581604003906,99.34210205078125
644,cut2,644,POPC,206,158.2672119140625,35.723758697509766,106.01050567626955
644,cut2,644,POPC,207,123.95820617675781,158.6570281982422,77.71315002441406
644,cut2,644,POPC,208,183.42156982421875,197.64942932128906,92.94815826416016
644,cut2,644,POPC,209,75.33424377441406,4.457529067993164,95.89442443847656
644,cut2,644,POPC,210,51.14823532104492,186.6101837158203,90.4406509399414
644,cut2,644,POPC,211,175.84666442871094,118.16503143310547,94.88031768798828
644,cut2,644,POPC,212,116.98079681396484,180.59671020507812,75.1020278930664
644,cut2,644,POPC,213,167.4211883544922,55.933631896972656,103.71297454833984
644,cut2,644,POPC,214,192.8497314453125,163.71847534179688,93.0694580078125
644,cut2,644,POPC,215,54.97868728637695,54.494163513183594,93.59349822998047
644,cut2,644,POPC,216,167.3386993408203,21.897350311279297,106.78214263916016
644,cut2,644,POPC,217,30.265323638916016,87.93978881835938,92.05152130126953
644,cut2,644,POPC,218,137.20535278320312,109.83525085449219,87.3681869506836
644,cut2,644,POPC,219,82.54398345947266,230.91146850585938,93.0037612915039
644,cut2,644,POPC,220,112.4642333984375,22.83374786376953,94.72325134277344
644,cut2,644,POPC,221,161.59654235839844,156.1505889892578,94.7556381225586
644,cut2,644,POPC,222,81.45099639892578,81.44612884521484,83.59469604492188
644,cut2,644,POPC,223,89.51297760009766,110.2451171875,83.37455749511719
644,cut2,644,POPC,224,39.71696853637695,35.47480010986328,99.51072692871094
644,cut2,644,POPC,225,174.41502380371094,178.63551330566406,92.7588119506836
644,cut2,644,POPC,226,178.71180725097656,202.58181762695312,90.27788543701172
644,cut2,644,POPC,227,17.807220458984375,131.78257751464844,76.6660385131836
644,cut2,644,POPC,228,160.35067749023438,22.836483001708984,102.62020111083984
644,cut2,644,POPC,229,66.17008972167969,105.48033905029297,80.75958251953125
644,cut2,644,POPC,230,154.8715362548828,182.4341583251953,85.67294311523438
644,cut2,644,POPC,231,2.82677960395813,90.10303497314453,97.17034912109375
644,cut2,644,POPC,232,137.96853637695312,204.3480224609375,48.34052658081055
644,cut2,644,POPC,233,163.8472442626953,162.49134826660156,94.59768676757814
644,cut2,644,POPC,234,54.7787971496582,182.2461700439453,90.93096923828125
644,cut2,644,POPC,235,165.50473022460938,181.70753479003906,89.67399597167969
644,cut2,644,POPC,236,88.56777954101562,36.246177673339844,94.5984115600586
644,cut2,644,POPC,237,157.26376342773438,168.63601684570312,92.17377471923828
644,cut2,644,POPC,238,68.21479797363281,29.681652069091797,97.0439453125
644,cut2,644,POPC,239,29.43018341064453,167.7080841064453,87.71090698242188
644,cut2,644,POPC,240,73.5495834350586,139.3311309814453,76.43224334716797
644,cut2,644,POPC,241,10.629753112792969,235.33616638183594,100.13663482666016
644,cut2,644,POPC,242,10.269954681396484,98.4917984008789,96.895751953125
644,cut2,644,POPC,243,132.37713623046875,73.69390869140625,85.48406982421875
644,cut2,644,POPC,244,78.57133483886719,148.44204711914062,81.17377471923828
644,cut2,644,POPC,245,174.20848083496094,165.69589233398438,96.10577392578125
644,cut2,644,POPC,246,97.49205017089844,63.84862518310547,89.23793029785156
644,cut2,644,POPC,247,96.2056655883789,237.66624450683594,60.71754837036133
644,cut2,644,POPC,248,3.613762140274048,59.18242645263672,102.1583023071289
644,cut2,644,POPC,249,94.43472290039062,53.562095642089844,90.16127014160156
644,cut2,644,POPC,250,13.662214279174805,90.68106079101562,95.98529052734375
644,cut2,644,POPC,251,131.4121856689453,48.12847137451172,89.3983383178711
644,cut2,644,POPC,252,145.567138671875,101.8006820678711,77.0950927734375
644,cut2,644,POPC,253,196.31500244140625,96.54281616210938,100.6780014038086
644,cut2,644,POPC,254,23.137483596801758,124.66655731201172,73.09906005859375
644,cut2,644,POPC,255,62.81708908081055,227.8242645263672,99.04464721679688
644,cut2,644,POPC,256,117.25941467285156,154.04837036132812,76.70201110839844
644,cut2,644,POPC,257,70.8728256225586,88.3983154296875,87.82440948486328
644,cut2,644,POPC,258,69.6976318359375,231.6282196044922,100.21820068359375
644,cut2,644,POPC,259,41.85826873779297,151.21173095703125,82.92495727539062
644,cut2,644,POPC,260,76.59408569335938,52.494895935058594,90.71808624267578
644,cut2,644,POPC,261,57.60429000854492,44.534820556640625,97.33689880371094
644,cut2,644,POPC,262,48.05705261230469,98.09766387939453,86.20668029785156
644,cut2,644,POPC,263,93.62472534179688,37.92573547363281,94.64952087402344
644,cut2,644,POPC,264,94.49149322509766,78.86190795898438,77.56604766845703
644,cut2,644,POPC,265,47.543785095214844,20.428224563598633,94.2771224975586
644,cut2,644,POPC,266,160.0102081298828,127.86076354980469,90.61080169677734
644,cut2,644,POPC,267,69.45618438720703,223.1414337158203,102.68423461914062
644,cut2,644,POPC,268,133.3367614746094,167.97015380859375,81.51278686523438
644,cut2,644,POPC,269,115.34587097167969,173.74813842773438,76.73645782470703
644,cut2,644,POPC,270,131.8038330078125,5.436777114868164,95.95841217041016
644,cut2,644,POPC,271,13.211633682250977,139.79115295410156,82.7555923461914
644,cut2,644,POPC,272,6.699957847595215,155.2585906982422,84.85513305664062
644,cut2,644,POPC,273,194.62782287597656,49.16680908203125,106.53385162353516
644,cut2,644,POPC,274,118.28121185302734,63.657928466796875,86.23884582519531
644,cut2,644,POPC,275,142.49880981445312,128.21707153320312,91.26455688476562
644,cut2,644,POPC,276,154.1479949951172,128.8646697998047,48.18193054199219
644,cut2,644,POPC,277,79.02750396728516,223.08914184570312,98.16808319091797
644,cut2,644,POPC,278,102.92591857910156,101.14286041259766,79.51222229003906
644,cut2,644,POPC,279,174.90570068359375,11.40164566040039,104.53390502929688
644,cut2,644,POPC,280,3.158168077468872,227.9415740966797,98.13491821289062
644,cut2,644,POPC,281,55.073204040527344,205.07485961914062,92.77996826171875
644,cut2,644,POPC,282,101.84416961669922,192.27627563476562,75.88101196289062
644,cut2,644,POPC,283,84.5836410522461,98.39664459228516,77.13502502441406
644,cut2,644,POPC,284,9.450483322143555,192.3507080078125,90.9654541015625
644,cut2,644,POPC,285,115.26995086669922,145.19679260253906,78.3575210571289
644,cut2,644,POPC,286,183.56890869140625,179.06581115722656,91.35768127441406
644,cut2,644,POPC,287,57.53707504272461,150.30714416503906,82.04315185546875
644,cut2,644,POPC,288,25.85272979736328,17.90777587890625,101.58147430419922
644,cut2,644,POPC,289,8.499373435974121,2.3789918422698975,101.86995697021484
644,cut2,644,POPC,290,122.7600860595703,213.0987548828125,84.0939712524414
644,cut2,644,POPC,291,35.23800277709961,82.42955017089844,94.77458190917969
644,cut2,644,POPC,292,173.8609161376953,147.5828857421875,94.09076690673828
644,cut2,644,POPC,293,25.690696716308594,150.23068237304688,86.3539047241211
644,cut2,644,POPC,294,66.08625793457031,3.5401065349578857,100.44673919677734
644,cut2,644,POPC,295,141.83387756347656,222.04615783691406,91.18815612792969
644,cut2,644,POPC,296,142.99322509765625,82.60936737060547,54.71063232421875
644,cut2,644,POPC,297,63.813777923583984,72.65091705322266,90.52780151367188
644,cut2,644,POPC,298,25.624549865722656,57.793724060058594,99.46065521240234
644,cut2,644,POPC,299,188.73641967773438,158.78294372558594,92.98345184326172
644,cut2,644,POPC,300,49.95017623901367,75.97834014892578,90.12813568115234
644,cut2,644,POPC,301,36.95689010620117,95.50924682617188,90.13729095458984
644,cut2,644,POPC,302,31.811870574951172,12.642057418823242,98.2978286743164
644,cut2,644,POPC,303,127.49417114257812,90.18687438964844,80.04682159423828
644,cut2,644,POPC,304,122.86201477050781,206.0567626953125,82.06715393066406
644,cut2,644,POPC,305,88.06243896484375,226.99578857421875,92.9060287475586
644,cut2,644,POPC,306,28.135326385498047,160.1147918701172,87.55738830566406
644,cut2,644,POPC,307,79.69307708740234,102.20049285888672,77.57716369628906
644,cut2,644,POPC,308,89.2855453491211,27.015033721923828,97.43939208984375
644,cut2,644,POPC,309,110.73326873779297,57.483116149902344,87.8073959350586
644,cut2,644,POPC,310,115.61913299560547,17.31145668029785,95.58350372314453
644,cut2,644,POPC,311,16.1413516998291,162.86752319335938,87.19801330566406
644,cut2,644,POPC,312,40.54651641845703,31.44794464111328,95.73930358886719
644,cut2,644,POPC,313,181.1478271484375,74.59821319580078,102.62065124511719
644,cut2,644,POPC,314,177.33033752441406,144.55516052246094,87.77389526367188
644,cut2,644,POPC,315,55.7730598449707,81.06954956054688,92.1119384765625
644,cut2,644,POPC,316,186.56015014648438,192.0244598388672,92.57882690429688
644,cut2,644,POPC,317,133.0170135498047,214.3826904296875,89.67298889160156
644,cut2,644,POPC,318,191.5291290283203,237.08131408691406,98.75025177001953
644,cut2,644,POPC,319,82.00117492675781,192.3118438720703,87.861572265625
644,cut2,644,POPC,320,62.49485397338867,25.859737396240234,98.21570587158203
644,cut2,644,POPC,321,101.04544067382812,114.16111755371094,82.45220184326172
644,cut2,644,POPC,322,91.10240173339844,242.12432861328125,95.97824096679688
644,cut2,644,POPC,323,35.30615997314453,2.9104115962982178,102.33190155029297
644,cut2,644,POPC,324,58.58122634887695,85.59784698486328,89.99512481689453
644,cut2,644,POPC,325,33.05364990234375,226.45367431640625,101.13507080078125
644,cut2,644,POPC,326,145.9244384765625,232.83367919921875,93.87042999267578
644,cut2,644,POPC,327,62.29768753051758,58.023765563964844,92.81287384033203
644,cut2,644,POPC,328,94.47917938232422,101.83085632324219,76.92462921142578
644,cut2,644,POPC,329,6.819828033447266,22.304168701171875,104.59122467041016
644,cut2,644,POPC,330,85.57295227050781,-0.2998020350933075,95.47400665283203
644,cut2,644,POPC,331,46.10075759887695,171.82566833496094,89.44841766357422
644,cut2,644,POPC,332,154.4468231201172,124.67433166503906,91.40123748779297
644,cut2,644,POPC,333,132.93911743164062,17.67692756652832,97.38990020751953
644,cut2,644,POPC,334,144.8685760498047,200.5911865234375,88.92086791992188
644,cut2,644,POPC,335,196.50274658203125,16.748424530029297,106.9307632446289
644,cut2,644,POPC,336,8.928720474243164,66.20391845703125,99.45181274414062
644,cut2,644,POPC,337,45.81118392944336,123.25040435791016,75.56477355957031
644,cut2,644,POPC,338,187.47030639648438,219.9526824951172,94.87152099609375
644,cut2,644,POPC,339,165.46376037597656,220.96951293945312,94.98812103271484
644,cut2,644,POPC,340,83.8677978515625,57.19636535644531,89.55181884765625
644,cut2,644,POPC,341,166.63638305664062,0.0017383320955559611,97.6453628540039
644,cut2,644,POPC,342,170.76150512695312,173.88809204101562,93.9787826538086
644,cut2,644,POPC,343,165.31178283691406,169.42214965820312,93.65321350097656
644,cut2,644,POPC,344,176.5470428466797,34.950294494628906,108.02687072753906
644,cut2,644,POPC,345,141.639892578125,85.32695770263672,82.2947769165039
644,cut2,644,POPC,346,164.02874755859375,132.39352416992188,93.35967254638672
644,cut2,644,POPC,347,-0.34214523434638977,215.4658203125,57.405540466308594
644,cut2,644,POPC,348,93.68440246582031,72.96650695800781,83.80596160888672
644,cut2,644,POPC,349,194.97935485839844,22.67794036865234,106.50297546386719
644,cut2,644,POPC,350,47.174095153808594,-1.7313311100006104,97.98835754394531
644,cut2,644,POPC,351,19.460390090942383,174.6654510498047,92.36068725585938
644,cut2,644,POPC,352,157.6465301513672,12.855907440185547,103.71026611328125
644,cut2,644,POPC,353,129.07090759277344,191.25836181640625,78.16651916503906
644,cut2,644,POPC,354,71.63387298583984,207.70681762695312,94.1363525390625
644,cut2,644,POPC,355,82.49270629882812,171.3231964111328,79.63129425048828
644,cut2,644,POPC,356,101.03501892089844,13.290752410888672,95.08645629882812
644,cut2,644,POPC,357,166.19068908691406,235.42564392089844,97.15080261230469
644,cut2,644,POPC,358,157.63265991210938,115.07462310791016,93.48048400878906
644,cut2,644,POPC,359,115.81183624267578,218.60047912597656,84.82613372802734
644,cut2,644,POPC,360,111.99542999267578,158.52114868164062,69.11511993408203
644,cut2,644,POPC,361,31.373401641845703,21.38890838623047,99.81476593017578
644,cut2,644,POPC,362,135.03793334960938,145.31398010253906,87.75723266601562
644,cut2,644,POPC,363,53.09390640258789,123.666748046875,75.46487426757812
644,cut2,644,POPC,364,91.00687408447266,91.79100799560547,80.26690673828125
644,cut2,644,POPC,365,149.45570373535156,114.58728790283203,92.17432403564453
644,cut2,644,POPC,366,168.1624298095703,103.59579467773438,100.46533966064453
644,cut2,644,POPC,367,184.7644805908203,98.00508117675781,98.20661163330078
644,cut2,644,POPC,368,165.04562377929688,93.48808288574219,99.7531967163086
644,cut2,644,POPC,369,75.03266143798828,235.16612243652344,98.0429458618164
644,cut2,644,POPC,370,38.423648834228516,235.70016479492188,101.18385314941406
644,cut2,644,POPC,371,59.21489334106445,188.3501434326172,93.68637084960938
644,cut2,644,POPC,372,52.87447738647461,231.59188842773438,94.54299926757812
644,cut2,644,POPC,373,45.17695999145508,49.31425476074219,98.279296875
644,cut2,644,POPC,374,13.075395584106445,38.75204086303711,104.01077270507812
644,cut2,644,POPC,375,68.68965911865234,14.59831428527832,102.21849822998047
644,cut2,644,POPC,376,97.56965637207031,96.13401794433594,76.24835205078125
644,cut2,644,POPC,377,124.2828369140625,150.29794311523438,82.51040649414062
644,cut2,644,POPC,378,44.127525329589844,82.2392349243164,90.20698547363281
644,cut2,644,POPC,379,186.2945556640625,21.205013275146484,107.54052734375
644,cut2,644,POPC,380,17.790618896484375,218.51695251464844,93.59382629394531
644,cut2,644,POPC,381,78.65531921386719,125.99412536621094,69.44709014892578
644,cut2,644,POPC,382,23.356060028076172,206.6563720703125,96.75608825683594
644,cut2,644,POPC,383,51.136714935302734,150.33592224121094,82.5896224975586
644,cut2,644,POPC,384,143.02084350585938,172.03248596191406,81.56997680664062
644,cut2,644,POPC,385,119.35841369628906,40.80961990356445,90.77971649169922
644,cut2,644,POPC,386,35.94175720214844,86.88505554199219,88.31236267089844
644,cut2,644,POPC,387,66.97390747070312,128.5080108642578,70.10205841064453
644,cut2,644,POPC,388,28.7474365234375,66.57708740234375,98.25646209716797
644,cut2,644,POPC,389,139.1133575439453,22.704669952392578,97.23389434814453
644,cut2,644,POPC,390,174.52062988281247,240.34600830078125,97.78762817382812
644,cut2,644,POPC,391,99.32672119140625,139.00531005859375,73.72134399414062
644,cut2,644,POPC,392,151.000244140625,201.66783142089844,90.6808853149414
644,cut2,644,POPC,393,59.203922271728516,0.01994302123785019,97.21814727783203
644,cut2,644,POPC,394,170.76394653320312,117.43394470214844,59.24070358276367
644,cut2,644,POPC,395,81.9181137084961,165.82981872558594,77.24285125732422
644,cut2,644,POPC,396,116.93602752685547,139.09048461914062,80.97665405273438
644,cut2,644,POPC,397,29.40383529663086,187.81719970703125,93.69483184814453
644,cut2,644,POPC,398,75.16295623779295,65.53770446777344,91.5872344970703
644,cut2,644,POPC,399,161.9863739013672,109.63784790039062,100.09690856933594
644,cut2,644,POPC,400,79.06874084472656,16.325422286987305,96.4515380859375
644,cut2,644,POPC,401,171.2853546142578,192.43528747558594,89.41753387451172
644,cut2,644,POPC,402,121.47032165527344,132.21913146972656,84.60680389404297
644,cut2,644,POPC,403,59.58657455444336,237.07972717285156,94.57563018798828
644,cut2,644,POPC,404,22.633365631103516,220.6190643310547,95.98360443115234
644,cut2,644,POPC,405,47.36100387573242,145.819091796875,79.48534393310547
644,cut2,644,POPC,406,31.410388946533203,143.45957946777344,77.10008239746094
644,cut2,644,POPC,407,45.32603454589844,225.16546630859375,96.62344360351562
644,cut2,644,POPC,408,168.18785095214844,70.89151763916016,101.17366790771483
644,cut2,644,POPC,409,182.4774627685547,-0.1548921912908554,100.44461059570312
644,cut2,644,POPC,410,70.5164794921875,49.21136474609375,93.89106750488281
644,cut2,644,POPC,411,101.4616470336914,56.275054931640625,89.1400375366211
644,cut2,644,POPC,412,74.87702178955078,100.1307601928711,81.21204376220703
644,cut2,644,POPC,413,42.97813034057617,196.64703369140625,94.85015106201172
644,cut2,644,POPC,414,146.5872802734375,23.46590805053711,99.3563003540039
644,cut2,644,POPC,415,30.666934967041016,34.4742317199707,102.15980529785156
644,cut2,644,POPC,416,195.20533752441406,199.86453247070312,94.10955810546875
644,cut2,644,POPC,417,128.8164520263672,164.0757293701172,79.16122436523438
644,cut2,644,POPC,418,26.709884643554688,45.47866439819336,99.6119155883789
644,cut2,644,POPC,419,85.63619995117188,89.76592254638672,78.5126724243164
644,cut2,644,POPC,420,87.33265686035156,75.25804138183594,87.01762390136719
644,cut2,644,POPC,421,54.95307922363281,70.8700180053711,89.3079605102539
644,cut2,644,POPC,422,41.83921432495117,166.1605987548828,84.17987823486328
644,cut2,644,POPC,423,68.947998046875,23.221843719482422,98.69904327392578
644,cut2,644,POPC,424,157.21104431152347,137.7008514404297,94.05412292480469
644,cut2,644,POPC,425,154.6652069091797,149.04348754882812,95.60111999511719
644,cut2,644,POPC,426,26.936351776123047,238.11697387695312,102.09418487548828
644,cut2,644,POPC,427,118.705322265625,88.17977905273438,81.80179595947266
644,cut2,644,POPC,428,152.29087829589844,235.30145263671875,93.67335510253906
644,cut2,644,POPC,429,41.3309211730957,70.0167465209961,93.26277923583984
644,cut2,644,POPC,430,192.469970703125,28.552474975585938,104.8963394165039
644,cut2,644,POPC,431,136.95370483398438,54.72309875488281,88.86840057373047
644,cut2,644,POPC,432,196.21298217773438,43.86534881591797,103.9854736328125
644,cut2,644,POPC,433,177.17359924316406,28.867294311523438,110.59072875976562
644,cut2,644,POPC,434,44.90489196777344,202.5139617919922,93.67811584472656
644,cut2,644,POPC,435,70.80082702636719,38.135250091552734,97.51392364501953
644,cut2,644,POPC,436,94.06251525878906,230.57235717773438,92.77235412597658
644,cut2,644,POPC,437,158.87744140625,162.35716247558594,92.3519515991211
644,cut2,644,POPC,438,123.52837371826172,194.3128662109375,78.95199584960938
644,cut2,644,POPC,439,31.171001434326172,51.02568435668945,101.4292221069336
644,cut2,644,POPC,440,12.930257797241211,203.89369201660156,94.69502258300781
644,cut2,644,POPC,441,142.8494110107422,117.61699676513672,90.01646423339844
644,cut2,644,POPC,442,69.23966217041016,156.59109497070312,82.43205261230469
644,cut2,644,POPC,443,40.5132942199707,218.70321655273438,96.59015655517578
644,cut2,644,POPC,444,183.555908203125,28.442779541015625,110.89722442626953
644,cut2,644,POPC,445,133.78416442871094,89.19412994384766,76.93523406982422
644,cut2,644,POPC,446,125.65605163574219,175.3521728515625,77.45780944824219
644,cut2,644,POPC,447,34.25382614135742,210.3094024658203,98.08799743652344
644,cut2,644,POPC,448,122.64989471435547,138.02847290039062,84.43244171142578
644,cut2,644,POPC,449,46.01417541503906,133.81922912597656,74.9473648071289
644,cut2,644,POPC,450,123.7071533203125,171.18447875976565,73.99771118164062
644,cut2,644,POPC,451,59.099796295166016,93.18148803710938,85.61568450927734
644,cut2,644,POPC,452,16.393903732299805,147.97142028808594,85.46692657470703
644,cut2,644,POPC,453,125.11663818359375,77.32440185546875,81.72278594970703
644,cut2,644,POPC,454,174.16671752929688,51.81747817993164,108.79194641113281
644,cut2,644,POPC,455,187.079345703125,172.41494750976562,94.14617156982422
644,cut2,644,POPC,456,90.77688598632812,12.660978317260742,94.95703125
644,cut2,644,POPC,457,122.5909652709961,69.57891845703125,85.83255004882812
644,cut2,644,POPC,458,70.06539154052734,179.99305725097656,87.51536560058594
644,cut2,644,POPC,459,186.15231323242188,231.9501190185547,94.6203384399414
644,cut2,644,POPC,460,126.40797424316406,7.388296127319336,93.5352783203125
644,cut2,644,POPC,461,66.28669738769531,52.784912109375,91.7451400756836
644,cut2,644,POPC,462,35.519859313964844,168.87678527832028,86.53096771240234
644,cut2,644,POPC,463,60.33735275268555,228.13829040527344,60.3177375793457
644,cut2,644,POPC,464,22.662559509277344,94.16020202636719,98.08370971679688
644,cut2,644,POPC,465,109.50686645507812,47.95460891723633,88.78691101074219
644,cut2,644,POPC,466,54.51811218261719,96.24141693115234,84.52497100830078
644,cut2,644,POPC,467,166.8602294921875,199.00665283203125,48.25400161743164
644,cut2,644,POPC,468,138.18582153320312,10.392313003540039,97.60559844970703
644,cut2,644,POPC,469,38.08118438720703,17.50840187072754,96.58383178710938
644,cut2,644,POPC,470,107.26451110839844,166.93130493164062,70.05619812011719
644,cut2,644,POPC,471,194.75169372558594,77.02323150634766,101.74017333984375
644,cut2,644,POPC,472,2.617445230484009,2.1746985912323,102.43054962158203
644,cut2,644,POPC,473,88.06490325927734,162.43621826171875,72.05106353759766
644,cut2,644,POPC,474,183.0215301513672,117.31243133544922,94.65828704833984
644,cut2,644,POPC,475,199.31129455566406,110.70535278320312,96.97415924072266
644,cut2,644,POPC,476,168.87307739257812,61.587738037109375,102.77339935302734
644,cut2,644,POPC,477,74.47858428955078,219.2615051269531,96.93243408203125
644,cut2,644,POPC,478,64.0851821899414,78.61577606201172,90.42876434326172
644,cut2,644,POPC,479,76.48206329345703,193.81690979003906,94.4217758178711
644,cut2,644,POPC,480,53.98255157470703,27.61029815673828,98.0996780395508
644,cut2,644,POPC,481,9.883539199829102,14.146978378295898,104.63178253173828
644,cut2,644,POPC,482,37.164329528808594,131.46839904785156,75.0702896118164
644,cut2,644,POPC,483,139.2429656982422,1.6001832485198975,97.70997619628906
644,cut2,644,POPC,484,169.86386108398438,215.3523712158203,94.46563720703125
644,cut2,644,POPC,485,138.3129425048828,150.62741088867188,86.50596618652344
644,cut2,644,POPC,486,92.82475280761719,120.99447631835938,81.20297241210938
644,cut2,644,POPC,487,168.77659606933594,83.42713165283203,97.27236938476562
644,cut2,644,POPC,488,24.81686782836914,172.08477783203125,90.8658676147461
644,cut2,644,POPC,489,15.208559036254883,53.296241760253906,98.89329528808594
644,cut2,644,POPC,490,22.98657989501953,201.3006134033203,99.35316467285156
644,cut2,644,POPC,491,112.71488952636719,186.2559814453125,76.51538848876953
644,cut2,644,POPC,492,142.14402770996094,60.4622802734375,88.03715515136719
644,cut2,644,POPC,493,35.74736404418945,147.2467803955078,81.66881561279297
644,cut2,644,POPC,494,172.68321228027344,160.96627807617188,95.9176254272461
644,cut2,644,POPC,495,112.6768798828125,151.16212463378906,69.80032348632812
644,cut2,644,POPC,496,68.3885726928711,212.08544921875,94.91377258300781
644,cut2,644,POPC,497,63.811092376708984,148.65908813476562,78.16010284423828
644,cut2,644,POPC,498,152.94296264648438,188.72879028320312,84.8030014038086
644,cut2,644,POPC,499,118.94595336914062,100.20731353759766,82.97036743164062
644,cut2,644,POPC,500,40.12308120727539,126.1611328125,74.7357177734375
644,cut2,644,POPC,501,0.7166574001312256,82.47418212890625,100.78955078125
644,cut2,644,POPC,502,116.51054382324219,1.0255229473114014,94.84422302246094
644,cut2,644,POPC,503,25.130069732666016,193.52720642089844,95.87094116210939
644,cut2,644,POPC,504,68.18348693847656,61.29737854003906,90.70228576660156
644,cut2,644,POPC,505,79.1573486328125,177.36146545410156,83.06983184814453
644,cut2,644,POPC,506,107.45372772216797,191.46188354492188,80.57401275634766
644,cut2,644,POPC,507,140.90692138671875,164.7096405029297,86.62962341308594
644,cut2,644,POPC,508,72.9572982788086,48.45445251464844,56.45546340942383
644,cut2,644,POPC,509,71.83939361572266,72.73886108398438,89.19735717773438
644,cut2,644,POPC,510,22.02501106262207,86.59209442138672,98.14777374267578
644,cut2,644,POPC,511,133.48667907714844,138.88961791992188,86.92625427246094
644,cut2,644,POPC,512,58.28542709350586,15.528711318969727,100.40162658691406
644,cut2,644,POPC,513,81.22053527832031,4.649807929992676,94.84809875488281
644,cut2,644,POPC,514,185.8990020751953,225.78030395507812,94.81376647949219
644,cut2,644,POPC,515,152.13031005859375,195.8654327392578,84.34563446044922
644,cut2,644,POPC,516,6.66114616394043,203.12445068359375,94.81927490234375
644,cut2,644,POPC,517,181.68235778808594,169.05850219726562,92.93251037597656
644,cut2,644,POPC,518,28.305980682373047,132.8303985595703,75.43264770507814
644,cut2,644,POPC,519,112.44338989257812,80.30017852783203,78.69497680664062
644,cut2,644,POPC,520,176.46038818359375,215.9957733154297,96.64446258544922
644,cut2,644,POPC,521,95.68872833251953,111.31897735595703,80.83143615722656
644,cut2,644,POPC,522,118.03263092041016,74.43824005126953,82.77995300292967
644,cut2,644,POPC,523,34.81614685058594,24.998043060302734,97.71391296386719
644,cut2,644,POPC,524,152.42860412597656,142.57369995117188,94.21028137207031
644,cut2,644,POPC,525,70.6190185546875,171.82217407226562,84.56986236572266
644,cut2,644,POPC,526,142.1874237060547,19.068689346313477,102.30743408203125
644,cut2,644,POPC,527,62.15188980102539,130.19187927246094,74.7430648803711
644,cut2,644,POPC,528,52.273338317871094,14.010263442993164,98.29171752929688
644,cut2,644,POPC,529,18.30185317993164,5.570037841796875,101.80097198486328
644,cut2,644,POPC,530,68.72001647949219,182.1918182373047,92.68904113769531
644,cut2,644,POPC,531,174.64295959472656,72.07357788085938,101.44434356689453
644,cut2,644,POPC,532,12.81182861328125,61.65650177001953,101.55369567871094
644,cut2,644,POPC,533,4.962224960327148,34.51416015625,105.80086517333984
644,cut2,644,POPC,534,109.35546112060547,207.6842498779297,81.51205444335938
644,cut2,644,POPC,535,193.8977813720703,169.44358825683594,93.47718811035156
644,cut2,644,POPC,536,83.76390075683594,29.96929168701172,95.072998046875
644,cut2,644,POPC,537,153.7157745361328,5.671178817749023,97.40396118164062
644,cut2,644,POPC,538,62.51967239379883,176.4131622314453,87.04696655273438
644,cut2,644,POPC,539,164.49684143066406,85.91726684570312,98.4853744506836
644,cut2,644,POPC,540,160.8468780517578,216.17628479003906,93.44185638427734
644,cut2,644,POPC,541,145.26809692382812,186.29246520996094,82.28282928466797
644,cut2,644,POPC,542,107.57172393798828,84.48272705078125,78.27481842041016
644,cut2,644,POPC,543,171.6787567138672,24.215621948242188,110.03510284423828
644,cut2,644,POPC,544,173.89697265625,125.02302551269531,94.64018249511719
644,cut2,644,POPC,545,58.266605377197266,20.765073776245117,96.12720489501953
644,cut2,644,POPC,546,58.61178970336914,37.931175231933594,100.02606201171875
644,cut2,644,POPC,547,22.541305541992188,146.46728515625,80.81874084472656
644,cut2,644,POPC,548,89.69192504882812,82.65972137451172,80.02171325683594
644,cut2,644,POPC,549,74.24851989746094,77.95304870605469,85.1257095336914
644,cut2,644,POPC,550,10.687318801879883,137.01780700683594,77.40505981445312
644,cut2,644,POPC,551,84.2229232788086,13.173027038574219,97.24142456054688
644,cut2,644,POPC,552,179.38592529296875,184.32347106933594,92.6741714477539
644,cut2,644,POPC,553,63.911991119384766,40.86152267456055,97.76255798339844
644,cut2,644,POPC,554,82.98905181884766,198.92295837402344,92.67153930664062
644,cut2,644,POPC,555,61.28043746948242,196.18154907226562,94.06705474853516
644,cut2,644,POPC,556,183.84683227539062,106.9568099975586,98.96488952636719
644,cut2,644,POPC,557,55.80126190185547,194.121337890625,93.02714538574219
644,cut2,644,POPC,558,98.59761810302734,90.52591705322266,80.30351257324219
644,cut2,644,POPC,559,132.24417114257812,172.23216247558594,76.99787139892578
644,cut2,644,POPC,560,22.64575958251953,186.9348602294922,94.58171844482422
644,cut2,644,POPC,561,-1.8227102756500244,32.77532196044922,108.57249450683594
644,cut2,644,POPC,562,197.10853576660156,56.37761688232422,103.44202423095703
644,cut2,644,POPC,563,195.4666290283203,189.29046630859375,93.25560760498047
644,cut2,644,POPC,564,1.75667405128479,67.66606903076172,100.31259155273438
644,cut2,644,POPC,565,57.6092414855957,224.84957885742188,95.47504425048828
644,cut2,644,POPC,566,89.1211166381836,134.7046356201172,74.12557983398438
644,cut2,644,POPC,567,71.19186401367188,163.92100524902344,80.28485107421875
644,cut2,644,POPC,568,8.383149147033691,47.46536636352539,100.26284790039062
644,cut2,644,POPC,569,159.8543701171875,239.26211547851562,98.39251708984375
644,cut2,644,POPC,570,194.88180541992188,228.62327575683594,97.19776153564453
644,cut2,644,POPC,571,46.74203872680664,107.87405395507812,43.69171142578125
644,cut2,644,POPC,572,18.983829498291016,45.030662536621094,97.0545883178711
644,cut2,644,POPC,573,123.35620880126953,19.004365921020508,95.68325805664062
644,cut2,644,POPC,574,170.60842895507812,7.836282730102539,99.45164489746094
644,cut2,644,POPC,575,47.406219482421875,42.61896514892578,100.23518371582031
644,cut2,644,POPC,576,168.8200225830078,136.42459106445312,92.06780242919922
644,cut2,644,POPC,577,134.50701904296875,186.48458862304688,80.16967010498047
644,cut2,644,POPC,578,65.48279571533203,165.114990234375,82.06594848632812
644,cut2,644,POPC,579,177.70361328125,137.37722778320312,93.48045349121094
644,cut2,644,POPC,580,144.383544921875,140.83363342285156,91.36259460449219
644,cut2,644,POPC,581,108.99675750732422,179.38330078125,72.5229721069336
644,cut2,644,POPC,582,28.85348129272461,231.60885620117188,101.18987274169922
644,cut2,644,POPC,583,174.03257751464844,198.256591796875,91.12751770019531
644,cut2,644,POPC,584,168.41880798339844,108.57975006103516,62.66511917114257
644,cut2,644,POPC,585,67.0255126953125,240.05093383789062,98.17561340332031
644,cut2,644,POPC,586,144.4510040283203,6.816688537597656,100.48204040527344
644,cut2,644,POPC,587,98.24696350097656,2.7500550746917725,95.70793151855469
644,cut2,644,POPC,588,23.105003356933594,234.3391571044922,96.02288055419922
644,cut2,644,POPC,589,182.61856079101562,53.17189025878906,107.89352416992188
644,cut2,644,POPC,590,45.80872344970703,141.29661560058594,75.88874816894531
644,cut2,644,POPC,591,86.34525299072266,154.140380859375,75.58373260498047
644,cut2,644,POPC,592,65.57210540771484,200.81912231445312,50.672977447509766
644,cut2,644,POPC,593,16.445270538330078,23.87500762939453,105.03901672363281
644,cut2,644,POPC,594,176.2178192138672,228.4095001220703,96.9731674194336
644,cut2,644,POPC,595,76.01240539550781,10.766555786132812,92.22102355957031
644,cut2,644,POPC,596,110.38371276855469,198.3496551513672,80.63444519042969
644,cut2,644,POPC,597,106.37199401855469,148.58590698242188,67.91144561767578
644,cut2,644,POPC,598,36.60081100463867,181.96136474609375,91.8995590209961
644,cut2,644,POPC,599,119.35882568359375,11.046266555786133,96.73361206054688
644,cut2,644,POPC,600,31.52533721923828,127.08345794677734,77.36604309082031
644,cut2,644,POPC,601,-2.5919673442840576,182.19056701660156,91.43254852294922
644,cut2,644,POPC,602,168.0081024169922,120.20032501220705,95.72191619873047
644,cut2,644,POPC,603,92.18567657470703,7.966495513916016,96.35218048095703
644,cut2,644,POPC,604,194.0242462158203,222.82662963867188,91.96614074707031
644,cut2,644,POPC,605,120.32161712646484,3.8350160121917725,91.27061462402342
644,cut2,644,POPC,606,145.777099609375,0.4191778004169464,97.28056335449219
644,cut2,644,POPC,607,80.46370697021484,140.6588134765625,76.26641082763672
644,cut2,644,POPC,608,61.037288665771484,207.4894561767578,96.84026336669922
644,cut2,644,POPC,609,9.886163711547852,221.75393676757812,94.293212890625
644,cut2,644,POPC,610,44.45289611816406,190.53033447265625,91.41881561279297
644,cut2,644,POPC,611,182.10372924804688,210.99591064453125,92.17696380615234
644,cut2,644,POPC,612,33.48133850097656,193.880615234375,95.85939025878906
644,cut2,644,POPC,613,180.85086059570312,224.99720764160156,58.68822479248047
644,cut2,644,POPC,614,124.31591796875,219.63177490234375,83.60920715332031
644,cut2,644,POPC,615,12.093376159667969,168.78321838378906,88.81869506835938
644,cut2,644,POPC,616,196.2071533203125,-2.225618600845337,101.37411499023438
644,cut2,644,POPC,617,153.93214416503906,211.75767517089844,94.566650390625
644,cut2,644,POPC,618,10.386999130249023,149.01673889160156,87.6080093383789
644,cut2,644,POPC,619,33.182926177978516,152.77737426757812,89.97769165039062
644,cut2,644,POPC,620,19.986764907836914,227.38417053222656,93.7374038696289
644,cut2,644,POPC,621,190.32162475585938,36.6170768737793,109.04167175292969
644,cut2,644,POPC,622,171.51808166503906,181.89566040039062,89.50455474853516
644,cut2,644,POPC,623,131.61871337890625,60.59873962402344,90.24909210205078
644,cut2,644,POPC,624,151.10321044921875,174.2482147216797,85.56800842285156
644,cut2,644,POPC,625,134.53758239746094,180.47244262695312,81.59638214111328
644,cut2,644,POPC,626,132.56100463867188,101.7234878540039,41.921417236328125
644,cut2,644,POPC,627,43.68933868408203,232.39944458007812,62.90694808959961
644,cut2,644,POPC,628,62.33285140991211,192.0859375,50.18743133544922
644,cut2,644,POPC,629,153.67115783691406,168.2700958251953,52.599369049072266
644,cut2,644,POPC,630,122.73400115966797,62.37566375732422,50.937278747558594
644,cut2,644,POPC,631,5.240072250366211,7.30891227722168,63.923465728759766
644,cut2,644,POPC,632,125.89445495605469,199.26953125,42.07132720947266
644,cut2,644,POPC,633,132.96630859375,157.26293945312497,42.55915069580078
644,cut2,644,POPC,634,78.68363189697266,219.2962646484375,53.91404724121094
644,cut2,644,POPC,635,138.966064453125,19.728843688964844,55.424591064453125
644,cut2,644,POPC,636,31.519489288330078,157.8516845703125,45.931434631347656
644,cut2,644,POPC,637,39.25343704223633,226.0017547607422,61.7269401550293
644,cut2,644,POPC,638,94.1015396118164,48.46348190307617,51.00471115112305
644,cut2,644,POPC,639,72.11157989501953,192.15867614746094,46.734649658203125
644,cut2,644,POPC,640,2.6898939609527592,241.33860778808594,60.30842971801758
644,cut2,644,POPC,641,192.9388427734375,171.1533203125,52.23817825317383
644,cut2,644,POPC,642,167.9244842529297,192.3848876953125,49.50485610961914
644,cut2,644,POPC,643,66.56145477294922,210.3729705810547,55.291412353515625
644,cut2,644,POPC,644,39.75279235839844,89.36653900146484,52.88450622558594
644,cut2,644,POPC,645,-0.5409224033355713,66.76307678222656,65.65471649169922
644,cut2,644,POPC,646,188.31719970703125,16.650684356689453,64.2177505493164
644,cut2,644,POPC,647,191.96263122558594,38.938568115234375,71.19807434082031
644,cut2,644,POPC,648,171.45594787597656,152.431640625,53.05024719238281
644,cut2,644,POPC,649,179.14984130859375,83.0424575805664,60.03799819946289
644,cut2,644,POPC,650,187.01730346679688,187.9552001953125,57.19764709472656
644,cut2,644,POPC,651,159.32125854492188,164.35386657714847,50.903968811035156
644,cut2,644,POPC,652,177.03163146972656,200.99525451660156,56.122249603271484
644,cut2,644,POPC,653,183.88450622558594,200.52606201171875,57.19036865234375
644,cut2,644,POPC,654,47.05250930786133,175.31509399414062,49.76383590698242
644,cut2,644,POPC,655,34.16851043701172,45.26423263549805,57.95989227294922
644,cut2,644,POPC,656,26.068050384521484,3.002460241317749,62.5971794128418
644,cut2,644,POPC,657,25.676616668701172,165.82443237304688,50.20270919799805
644,cut2,644,POPC,658,87.72598266601562,125.3004150390625,48.44862747192383
644,cut2,644,POPC,659,55.890342712402344,163.25076293945312,48.833946228027344
644,cut2,644,POPC,660,80.2430648803711,48.32735824584961,55.122737884521484
644,cut2,644,POPC,661,33.89683532714844,62.837242126464844,56.40625
644,cut2,644,POPC,662,171.1585235595703,53.75140380859375,72.87785339355467
644,cut2,644,POPC,663,137.36990356445312,190.2205810546875,48.679500579833984
644,cut2,644,POPC,664,21.900983810424805,58.35496520996094,57.74063491821289
644,cut2,644,POPC,665,190.49969482421875,223.55894470214844,58.061058044433594
644,cut2,644,POPC,666,146.69094848632812,143.76571655273438,45.150142669677734
644,cut2,644,POPC,667,-0.0781266987323761,103.70297241210938,60.63344955444336
644,cut2,644,POPC,668,165.75148010253906,154.91976928710938,51.18165588378906
644,cut2,644,POPC,669,146.21542358398438,132.3237762451172,43.87413024902344
644,cut2,644,POPC,670,192.80235290527344,24.158950805664062,64.16669464111328
644,cut2,644,POPC,671,77.20355987548828,82.43550872802734,40.522491455078125
644,cut2,644,POPC,672,-0.223861962556839,227.4068603515625,60.876609802246094
644,cut2,644,POPC,673,114.3236083984375,17.02169418334961,53.69108581542969
644,cut2,644,POPC,674,180.20729064941406,61.09226989746094,74.69644927978516
644,cut2,644,POPC,675,66.90016174316406,183.78143310546875,47.74942398071289
644,cut2,644,POPC,676,71.32067108154297,86.85372924804688,40.777748107910156
644,cut2,644,POPC,677,144.977783203125,197.77844238281253,52.08229064941406
644,cut2,644,POPC,678,47.349876403808594,3.626128911972046,61.48162841796875
644,cut2,644,POPC,679,75.12637329101562,11.283975601196289,58.98698425292969
644,cut2,644,POPC,680,139.3650360107422,172.1490478515625,42.607913970947266
644,cut2,644,POPC,681,27.92047882080078,15.211753845214844,61.173824310302734
644,cut2,644,POPC,682,121.85859680175781,77.61441040039062,49.484981536865234
644,cut2,644,POPC,683,170.5359802246094,239.21607971191406,61.93324661254883
644,cut2,644,POPC,684,112.57877349853516,136.3757781982422,41.27153396606445
644,cut2,644,POPC,685,85.79566955566406,46.39805221557617,53.623409271240234
644,cut2,644,POPC,686,69.45832061767578,160.50807189941406,38.152061462402344
644,cut2,644,POPC,687,16.25055694580078,182.87570190429688,55.07508087158203
644,cut2,644,POPC,688,61.6258659362793,210.53436279296875,53.35448455810547
644,cut2,644,POPC,689,56.18796920776367,204.2850341796875,52.474449157714844
644,cut2,644,POPC,690,181.01312255859375,176.22265625,54.64164733886719
644,cut2,644,POPC,691,3.644366502761841,83.84551239013672,57.37792205810547
644,cut2,644,POPC,692,189.02659606933594,193.19207763671875,57.508426666259766
644,cut2,644,POPC,693,122.76701354980469,149.60232543945312,37.14774703979492
644,cut2,644,POPC,694,165.3811798095703,177.63601684570312,49.479759216308594
644,cut2,644,POPC,695,155.66952514648438,202.09469604492188,46.933746337890625
644,cut2,644,POPC,696,115.51972198486328,42.076759338378906,57.40468215942383
644,cut2,644,POPC,697,75.02426147460938,224.4995880126953,54.11211013793945
644,cut2,644,POPC,698,86.53993225097656,37.798397064208984,55.255985260009766
644,cut2,644,POPC,699,11.335851669311523,20.840917587280273,59.961429595947266
644,cut2,644,POPC,700,102.88066101074219,10.831348419189453,55.541542053222656
644,cut2,644,POPC,701,127.52650451660156,189.93714904785156,43.14108657836914
644,cut2,644,POPC,702,53.49682235717774,70.18716430664062,49.611087799072266
644,cut2,644,POPC,703,48.54538345336914,58.89653015136719,57.62565231323242
644,cut2,644,POPC,704,86.50439453125,215.25279235839844,50.157073974609375
644,cut2,644,POPC,705,86.0114517211914,224.29864501953125,54.75851821899414
644,cut2,644,POPC,706,53.051734924316406,208.64749145507812,57.65504455566406
644,cut2,644,POPC,707,193.933349609375,32.125450134277344,68.41134643554688
644,cut2,644,POPC,708,53.632476806640625,133.78875732421875,75.10618591308594
644,cut2,644,POPC,709,183.76890563964844,4.611563682556152,60.35737991333008
644,cut2,644,POPC,710,187.916259765625,232.14633178710938,57.095134735107415
644,cut2,644,POPC,711,43.4724235534668,95.14723205566406,52.975685119628906
644,cut2,644,POPC,712,50.96757888793945,233.60606384277344,61.907012939453125
644,cut2,644,POPC,713,28.318782806396484,24.21547698974609,62.22910690307617
644,cut2,644,POPC,714,162.526611328125,32.95379638671875,63.86538314819336
644,cut2,644,POPC,715,14.099872589111328,176.40443420410156,49.221282958984375
644,cut2,644,POPC,716,0.4842827022075653,39.63608932495117,65.06163787841797
644,cut2,644,POPC,717,185.0076141357422,90.29381561279297,60.03993606567383
644,cut2,644,POPC,718,78.51644897460938,211.1525421142578,52.829750061035156
644,cut2,644,POPC,719,0.0834333598613739,50.5917854309082,65.69775390625
644,cut2,644,POPC,720,1.6611559391021729,175.14617919921875,52.879119873046875
644,cut2,644,POPC,721,112.07456970214844,99.77608489990234,39.461509704589844
644,cut2,644,POPC,722,152.41641235351562,218.01144409179688,60.40074157714844
644,cut2,644,POPC,723,101.19561767578125,167.44703674316406,35.120628356933594
644,cut2,644,POPC,724,96.94451904296875,1.9661195278167725,59.59371566772461
644,cut2,644,POPC,725,8.322964668273926,0.6106946468353271,64.66905212402344
644,cut2,644,POPC,726,96.79740142822266,56.03131103515624,49.2596435546875
644,cut2,644,POPC,727,32.27560043334961,222.69786071777344,58.469417572021484
644,cut2,644,POPC,728,60.40011215209961,80.11116027832031,45.441986083984375
644,cut2,644,POPC,729,30.303974151611328,33.71694564819336,62.961544036865234
644,cut2,644,POPC,730,59.55360794067383,18.71161651611328,60.719993591308594
644,cut2,644,POPC,731,62.63234329223633,177.38194274902344,46.199615478515625
644,cut2,644,POPC,732,189.99607849121094,162.01547241210938,54.580673217773445
644,cut2,644,POPC,733,125.13877868652344,13.969812393188475,55.43321990966797
644,cut2,644,POPC,734,150.15994262695312,149.32957458496094,48.35441207885742
644,cut2,644,POPC,735,52.962730407714844,183.157958984375,51.05413436889648
644,cut2,644,POPC,736,192.45216369628906,212.9012451171875,59.50355529785156
644,cut2,644,POPC,737,4.433784484863281,56.76106262207031,64.91508483886719
644,cut2,644,POPC,738,-1.5494015216827393,220.95071411132812,57.796234130859375
644,cut2,644,POPC,739,180.55982971191406,137.016845703125,60.90888595581055
644,cut2,644,POPC,740,51.292240142822266,38.526668548583984,55.53650665283203
644,cut2,644,POPC,741,186.25921630859375,169.4927520751953,53.65114974975586
644,cut2,644,POPC,742,16.355037689208984,230.4261932373047,59.99553298950195
644,cut2,644,POPC,743,84.54522705078125,218.40606689453125,54.86341094970703
644,cut2,644,POPC,744,107.68130493164062,16.56123924255371,53.02894973754883
644,cut2,644,POPC,745,58.31851577758789,185.10133361816406,49.71467971801758
644,cut2,644,POPC,746,157.2603302001953,151.80287170410156,47.903438568115234
644,cut2,644,POPC,747,1.7420485019683838,160.97872924804688,50.91730880737305
644,cut2,644,POPC,748,112.64934539794922,61.27289581298828,53.27045822143555
644,cut2,644,POPC,749,22.323955535888672,206.5312957763672,55.40593719482422
644,cut2,644,POPC,750,108.08573150634766,63.59114074707031,48.147769927978516
644,cut2,644,POPC,751,66.98754119873047,-2.956895112991333,59.65716552734375
644,cut2,644,POPC,752,83.95277404785158,26.194297790527344,56.05593490600586
644,cut2,644,POPC,753,8.620596885681152,33.38756561279297,63.6750373840332
644,cut2,644,POPC,754,146.08482360839844,221.55747985839844,58.59659194946289
644,cut2,644,POPC,755,124.51737213134766,207.5451202392578,47.671268463134766
644,cut2,644,POPC,756,27.649742126464844,204.95245361328125,56.032718658447266
644,cut2,644,POPC,757,190.64512634277344,85.49325561523436,63.03178024291992
644,cut2,644,POPC,758,6.722107887268066,179.6769256591797,52.192054748535156
644,cut2,644,POPC,759,98.22244262695312,26.86888885498047,55.4652214050293
644,cut2,644,POPC,760,161.3044891357422,127.31595611572266,54.82904052734375
644,cut2,644,POPC,761,173.48045349121094,75.18904876708984,66.33869171142578
644,cut2,644,POPC,762,26.487537384033203,239.91658020019528,60.394596099853516
644,cut2,644,POPC,763,163.1352691650391,112.14139556884766,63.08635330200195
644,cut2,644,POPC,764,52.232330322265625,81.96089935302734,49.98217010498047
644,cut2,644,POPC,765,20.26875114440918,93.328125,56.428062438964844
644,cut2,644,POPC,766,63.8749885559082,159.0935974121094,44.79924774169922
644,cut2,644,POPC,767,68.92654418945312,166.9750213623047,42.8825798034668
644,cut2,644,POPC,768,82.4028549194336,69.62699127197266,52.14493179321289
644,cut2,644,POPC,769,184.60830688476562,61.42552947998047,69.62902069091797
644,cut2,644,POPC,770,118.46829223632812,26.97860336303711,55.470027923583984
644,cut2,644,POPC,771,186.57554626464844,55.33588409423828,75.2827377319336
644,cut2,644,POPC,772,173.391845703125,16.64376449584961,58.96474838256836
644,cut2,644,POPC,773,37.35873031616211,51.995338439941406,57.12160873413086
644,cut2,644,POPC,774,34.227420806884766,9.785604476928711,63.75662612915039
644,cut2,644,POPC,775,165.6007537841797,139.42176818847656,55.620479583740234
644,cut2,644,POPC,776,8.982088088989258,25.42821502685547,62.65647506713867
644,cut2,644,POPC,777,147.2198944091797,169.99026489257812,47.17506408691406
644,cut2,644,POPC,778,172.7530517578125,209.31341552734375,51.40740966796875
644,cut2,644,POPC,779,13.203023910522461,239.9564971923828,61.78261184692383
644,cut2,644,POPC,780,12.495111465454102,167.86024475097656,48.71385955810547
644,cut2,644,POPC,781,90.76129150390625,240.5149383544922,58.356353759765625
644,cut2,644,POPC,782,142.57955932617188,123.87020874023438,49.60933303833008
644,cut2,644,POPC,783,51.4795036315918,168.036376953125,49.93580627441406
644,cut2,644,POPC,784,106.91348266601562,48.603328704833984,48.592063903808594
644,cut2,644,POPC,785,6.0731611251831055,16.970550537109375,62.265342712402344
644,cut2,644,POPC,786,179.00125122070312,188.20989990234375,55.437774658203125
644,cut2,644,POPC,787,149.75253295898438,211.72927856445312,52.60830307006836
644,cut2,644,POPC,788,36.55376052856445,201.80201721191406,53.71305847167969
644,cut2,644,POPC,789,116.93474578857423,6.771055221557617,52.2031135559082
644,cut2,644,POPC,790,85.88866424560547,9.928213119506836,58.31538391113281
644,cut2,644,POPC,791,102.30400085449219,61.151939392089844,46.016944885253906
644,cut2,644,POPC,792,73.41194152832031,34.34238052368164,57.223426818847656
644,cut2,644,POPC,793,145.7720947265625,19.54470443725586,55.11907958984375
644,cut2,644,POPC,794,97.18399047851562,17.3327579498291,55.55432891845703
644,cut2,644,POPC,795,73.26744079589844,50.81142807006836,50.89857482910156
644,cut2,644,POPC,796,181.02871704101562,110.43731689453125,61.09363555908203
644,cut2,644,POPC,797,32.59635925292969,1.4509360790252686,65.20892333984375
644,cut2,644,POPC,798,43.345962524414055,52.34419631958008,57.90949249267578
644,cut2,644,POPC,799,169.74288940429688,58.55870819091797,71.37891387939453
644,cut2,644,POPC,800,103.52367401123047,92.11952209472656,40.4997673034668
644,cut2,644,POPC,801,38.83625030517578,17.06598472595215,60.90652084350586
644,cut2,644,POPC,802,28.46590805053711,70.75929260253906,56.17121124267578
644,cut2,644,POPC,803,157.1250457763672,14.665834426879883,56.86494064331055
644,cut2,644,POPC,804,125.93545532226562,153.28614807128906,40.897857666015625
644,cut2,644,POPC,805,150.3134307861328,14.311775207519531,58.87230682373046
644,cut2,644,POPC,806,56.745853424072266,23.353404998779297,60.006141662597656
644,cut2,644,POPC,807,111.76998138427734,10.641006469726562,55.07795333862305
644,cut2,644,POPC,808,38.462772369384766,58.56873321533203,59.52396774291992
644,cut2,644,POPC,809,171.6604766845703,43.32427978515625,70.32496643066405
644,cut2,644,POPC,810,15.7039794921875,196.77621459960938,53.56424331665039
644,cut2,644,POPC,811,145.1248321533203,162.5868377685547,50.56624221801758
644,cut2,644,POPC,812,142.435546875,10.619150161743164,56.993263244628906
644,cut2,644,POPC,813,36.28550720214844,22.9809455871582,61.34772872924805
644,cut2,644,POPC,814,192.6666259765625,121.26504516601562,54.71657943725586
644,cut2,644,POPC,815,26.84050750732422,142.16526794433594,40.47430038452149
644,cut2,644,POPC,816,20.250171661376953,238.59786987304688,58.355072021484375
644,cut2,644,POPC,817,186.27615356445312,30.83808135986328,67.27522277832031
644,cut2,644,POPC,818,43.24470901489258,214.95883178710938,58.42389678955078
644,cut2,644,POPC,819,93.88538360595703,105.5426254272461,41.338165283203125
644,cut2,644,POPC,820,29.630840301513672,114.58607482910156,43.929222106933594
644,cut2,644,POPC,821,131.96641540527344,191.2452850341797,46.72726821899414
644,cut2,644,POPC,822,5.191811561584473,137.60763549804688,52.69343948364258
644,cut2,644,POPC,823,92.66902160644531,13.018238067626953,58.00648498535156
644,cut2,644,POPC,824,75.43733215332031,133.37301635742188,72.57682800292969
644,cut2,644,POPC,825,86.92955017089844,1.11106276512146,58.72467803955078
644,cut2,644,POPC,826,166.59576416015625,83.61570739746094,64.6435546875
644,cut2,644,POPC,827,180.30169677734375,102.60506439208984,60.6868782043457
644,cut2,644,POPC,828,179.56011962890625,70.48619079589844,66.47764587402345
644,cut2,644,POPC,829,16.183330535888672,70.01244354248047,63.900020599365234
644,cut2,644,POPC,830,45.01329803466797,163.32919311523438,47.14375686645508
644,cut2,644,POPC,831,168.01905822753906,48.999267578125,70.29657745361328
644,cut2,644,POPC,832,185.91233825683594,79.60966491699219,64.84207916259766
644,cut2,644,POPC,833,174.45668029785156,80.59515380859375,63.617839813232415
644,cut2,644,POPC,834,57.82273483276367,177.51980590820312,47.902217864990234
644,cut2,644,POPC,835,19.203256607055664,19.092153549194336,60.53786849975586
644,cut2,644,POPC,836,40.417083740234375,70.62178802490234,55.03697967529297
644,cut2,644,POPC,837,195.318115234375,43.98624038696289,69.81599426269531
644,cut2,644,POPC,838,103.58028411865234,2.811776876449585,58.82516860961914
644,cut2,644,POPC,839,160.61224365234372,135.7891387939453,53.09611129760742
644,cut2,644,POPC,840,73.0509033203125,212.93467712402344,55.168575286865234
644,cut2,644,POPC,841,11.066360473632812,218.49569702148438,57.10914993286133
644,cut2,644,POPC,842,22.416688919067383,229.0812530517578,59.82802200317383
644,cut2,644,POPC,843,51.89707565307617,6.956550598144531,58.29598617553711
644,cut2,644,POPC,844,75.93841552734375,72.31534576416016,45.08847427368164
644,cut2,644,POPC,845,97.86566925048828,8.885858535766602,59.0986442565918
644,cut2,644,POPC,846,174.6439666748047,66.19651794433594,72.75820922851562
644,cut2,644,POPC,847,13.99029541015625,11.629669189453125,61.817970275878906
644,cut2,644,POPC,848,180.53407287597656,51.26868438720703,71.5726089477539
644,cut2,644,POPC,849,187.96890258789062,73.55854797363281,66.82963562011719
644,cut2,644,POPC,850,178.90232849121094,97.42118072509766,60.37800216674805
644,cut2,644,POPC,851,89.75626373291016,29.414691925048828,56.27235794067383
644,cut2,644,POPC,852,143.12022399902344,183.30348205566406,51.83115005493164
644,cut2,644,POPC,853,53.867549896240234,171.7802734375,47.136383056640625
644,cut2,644,POPC,854,11.348197937011719,53.86016082763672,60.339969635009766
644,cut2,644,POPC,855,15.446445465087892,86.80280303955078,54.05759048461914
644,cut2,644,POPC,856,128.66552734375,178.1262664794922,39.80033493041992
644,cut2,644,POPC,857,121.65621185302734,100.72406768798828,39.97377395629883
644,cut2,644,POPC,858,195.03370666503906,179.0313262939453,54.60547637939453
644,cut2,644,POPC,859,104.71976470947266,23.475257873535156,55.33029556274414
644,cut2,644,POPC,860,70.42760467529297,234.2159881591797,58.482810974121094
644,cut2,644,POPC,861,4.2667436599731445,188.15469360351562,54.83734893798828
644,cut2,644,POPC,862,19.556377410888672,71.4090347290039,57.29666519165039
644,cut2,644,POPC,863,-2.20839524269104,90.75081634521484,60.676246643066406
644,cut2,644,POPC,864,60.480228424072266,56.13140106201172,52.947792053222656
644,cut2,644,POPC,865,34.434852600097656,93.33675384521484,52.45135498046875
644,cut2,644,POPC,866,23.381534576416016,75.26058959960938,101.10431671142578
644,cut2,644,POPC,867,16.99355125427246,154.85060119628906,45.67206573486328
644,cut2,644,POPC,868,32.15535354614258,182.66111755371094,54.10481262207031
644,cut2,644,POPC,869,164.73118591308594,120.66372680664062,60.73576736450195
644,cut2,644,POPC,870,64.36119842529297,147.16542053222656,41.666107177734375
644,cut2,644,POPC,871,173.7586212158203,216.38258361816406,53.371253967285156
644,cut2,644,POPC,872,133.7273712158203,180.5258331298828,43.20045471191406
644,cut2,644,POPC,873,49.125572204589844,141.1861572265625,39.08796310424805
644,cut2,644,POPC,874,58.5001106262207,147.36790466308594,44.14667510986328
644,cut2,644,POPC,875,192.84320068359375,186.38937377929688,54.91474533081055
644,cut2,644,POPC,876,117.57928466796875,36.68195343017578,56.2896842956543
644,cut2,644,POPC,877,38.185855865478516,194.3597869873047,53.916690826416016
644,cut2,644,POPC,878,144.1602783203125,151.6549072265625,46.497840881347656
644,cut2,644,POPC,879,21.531707763671875,101.92374420166016,93.7305679321289
644,cut2,644,POPC,880,62.81620407104492,126.07930755615234,35.129737854003906
644,cut2,644,POPC,881,176.9733428955078,46.3637580871582,68.68206787109375
644,cut2,644,POPC,882,104.68286895751953,107.78363800048828,42.679649353027344
644,cut2,644,POPC,883,126.35023498535156,34.10450744628906,55.76005172729492
644,cut2,644,POPC,884,193.68701171875,238.2918243408203,61.707157135009766
644,cut2,644,POPC,885,49.444732666015625,160.44923400878906,54.745418548583984
644,cut2,644,POPC,886,50.70258331298828,191.43959045410156,50.73426055908203
644,cut2,644,POPC,887,75.97539520263672,238.10980224609375,56.56057357788086
644,cut2,644,POPC,888,175.08180236816406,241.44720458984375,58.36714553833008
644,cut2,644,POPC,889,53.089942932128906,239.77676391601562,61.55242919921875
644,cut2,644,POPC,890,180.9219970703125,234.95716857910156,59.828006744384766
644,cut2,644,POPC,891,200.95535278320312,233.7335662841797,61.418758392333984
644,cut2,644,POPC,892,185.3063201904297,207.6318359375,61.200138092041016
644,cut2,644,POPC,893,23.651323318481445,180.38397216796875,54.3671875
644,cut2,644,POPC,894,6.463980674743652,66.33934020996094,63.6373176574707
644,cut2,644,POPC,895,94.36123657226562,32.23825454711914,55.04458999633789
644,cut2,644,POPC,896,138.66702270507812,210.88961791992188,49.702064514160156
644,cut2,644,POPC,897,191.729736328125,59.37047576904297,73.21115112304688
644,cut2,644,POPC,898,81.22870635986328,202.4212646484375,48.91398620605469
644,cut2,644,POPC,899,98.46696472167969,103.62767028808594,38.3560676574707
644,cut2,644,POPC,900,73.42242431640625,2.3997743129730225,60.30353546142578
644,cut2,644,POPC,901,21.975955963134766,33.787227630615234,63.004337310791016
644,cut2,644,POPC,902,35.808929443359375,218.1973114013672,60.14402389526367
644,cut2,644,POPC,903,186.44363403320312,134.63134765625,56.88338088989258
644,cut2,644,POPC,904,40.32570266723633,238.26654052734375,67.33504486083984
644,cut2,644,POPC,905,161.32794189453125,185.486083984375,50.599090576171875
644,cut2,644,POPC,906,51.44680404663086,18.18790626525879,57.87847137451172
644,cut2,644,POPC,907,49.24053955078125,200.3312225341797,54.93635177612305
644,cut2,644,POPC,908,39.72107696533203,189.0135040283203,55.99425506591797
644,cut2,644,POPC,909,192.443115234375,203.35647583007812,56.8298225402832
644,cut2,644,POPC,910,178.13449096679688,180.6256866455078,52.85612487792969
644,cut2,644,POPC,911,184.36619567871094,148.38851928710938,60.862430572509766
644,cut2,644,POPC,912,8.947175979614258,86.7441635131836,55.80485534667969
644,cut2,644,POPC,913,120.92095184326172,94.06147766113281,39.91643142700195
644,cut2,644,POPC,914,12.600685119628906,41.209442138671875,61.89190673828125
644,cut2,644,POPC,915,177.803466796875,161.68788146972656,54.81798553466797
644,cut2,644,POPC,916,140.95286560058594,240.72381591796875,60.93089294433594
644,cut2,644,POPC,917,157.00634765625,219.79127502441406,56.11537551879883
644,cut2,644,POPC,918,-3.6906509399414062,48.523921966552734,74.47713470458984
644,cut2,644,POPC,919,-0.4324696362018585,207.572265625,54.10454177856445
644,cut2,644,POPC,920,61.64699935913086,40.943477630615234,57.45034408569336
644,cut2,644,POPC,921,55.79581069946289,43.22929000854492,58.11112594604492
644,cut2,644,POPC,922,114.23663330078125,144.04428100585938,38.065860748291016
644,cut2,644,POPC,923,20.020492553710938,146.86436462402344,42.36268615722656
644,cut2,644,POPC,924,17.02051544189453,28.202495574951172,60.25429153442383
644,cut2,644,POPC,925,13.355119705200195,75.7975845336914,59.46609878540039
644,cut2,644,POPC,926,132.69619750976562,203.22178649902344,43.02622985839844
644,cut2,644,POPC,927,157.09130859375,191.38671875,50.97919845581055
644,cut2,644,POPC,928,7.483617782592773,73.16714477539062,60.03260803222656
644,cut2,644,POPC,929,182.4717559814453,166.34263610839844,56.31819152832031
644,cut2,644,POPC,930,89.73817443847656,70.80929565429688,51.50041580200195
644,cut2,644,POPC,931,49.28160095214844,114.12882995605469,39.236732482910156
644,cut2,644,POPC,932,61.56572341918945,72.01362609863283,45.605655670166016
644,cut2,644,POPC,933,38.75788879394531,38.18141174316406,54.966407775878906
644,cut2,644,POPC,934,42.33573913574219,65.09025573730469,57.039390563964844
644,cut2,644,POPC,935,95.3413314819336,63.933372497558594,47.307899475097656
644,cut2,644,POPC,936,69.64808654785156,208.2744598388672,51.4489860534668
644,cut2,644,POPC,937,45.4127311706543,37.88646697998047,53.79785537719726
644,cut2,644,POPC,938,51.69620132446289,215.6148681640625,58.42906188964844
644,cut2,644,POPC,939,47.33024597167969,195.5926208496094,53.120174407958984
644,cut2,644,POPC,940,33.92699813842773,87.8765640258789,55.446224212646484
644,cut2,644,POPC,941,70.654541015625,67.83273315429688,49.21830749511719
644,cut2,644,POPC,942,55.910152435302734,61.279136657714844,53.51388931274414
644,cut2,644,POPC,943,130.9922637939453,16.3446044921875,54.477359771728516
644,cut2,644,POPC,944,58.008358001708984,143.09559631347656,37.97106170654297
644,cut2,644,POPC,945,128.68414306640625,52.12436294555664,54.06574630737305
644,cut2,644,POPC,946,61.06293869018555,242.33314514160156,57.44166946411133
644,cut2,644,POPC,947,174.17892456054688,108.65544891357422,59.62971878051758
644,cut2,644,POPC,948,84.58197784423828,84.55767822265625,44.069297790527344
644,cut2,644,POPC,949,124.41142272949219,70.66209411621094,50.073951721191406
644,cut2,644,POPC,950,25.27098846435547,151.02784729003906,44.30742645263672
644,cut2,644,POPC,951,11.408082962036133,200.7827911376953,54.29548645019531
644,cut2,644,POPC,952,156.9135284423828,209.01153564453125,48.45582962036133
644,cut2,644,POPC,953,168.7105255126953,5.371553421020508,57.21991729736328
644,cut2,644,POPC,954,20.821430206298828,216.51731872558594,58.83004379272461
644,cut2,644,POPC,955,10.801383972167969,187.80067443847656,55.4671516418457
644,cut2,644,POPC,956,27.50439453125,192.68038940429688,53.85041809082031
644,cut2,644,POPC,957,174.1419219970703,30.215534210205078,65.10606384277344
644,cut2,644,POPC,958,148.33653259277344,137.4552001953125,44.72072219848633
644,cut2,644,POPC,959,161.7384796142578,227.45896911621094,54.90813064575195
644,cut2,644,POPC,960,59.7362174987793,84.24440002441406,40.158512115478516
644,cut2,644,POPC,961,180.39353942871094,216.3645782470703,56.99974060058594
644,cut2,644,POPC,962,87.78968048095703,64.49951171875,49.500362396240234
644,cut2,644,POPC,963,33.99257278442383,73.42806243896484,54.01141357421875
644,cut2,644,POPC,964,31.633800506591797,152.3103790283203,43.453670501708984
644,cut2,644,POPC,965,22.654617309570312,186.91213989257812,51.91130828857422
644,cut2,644,POPC,966,165.87251281738284,36.531654357910156,68.71501159667969
644,cut2,644,POPC,967,188.262939453125,48.44016647338867,74.19377136230469
644,cut2,644,POPC,968,46.584964752197266,222.48744201660156,58.58906936645508
644,cut2,644,POPC,969,65.27985382080078,21.0919303894043,60.56852722167969
644,cut2,644,POPC,970,-3.2495510578155518,54.51697540283203,69.49261474609375
644,cut2,644,POPC,971,114.81373596191406,66.57161712646484,46.881629943847656
644,cut2,644,POPC,972,143.29495239257812,3.068284749984741,58.50810241699219
644,cut2,644,POPC,973,84.17510986328125,125.98075866699219,42.4083251953125
644,cut2,644,POPC,974,168.68751525878906,25.631359100341797,63.96212387084961
644,cut2,644,POPC,975,166.6512451171875,14.207006454467773,56.16012191772461
644,cut2,644,POPC,976,181.96792602539062,17.34369468688965,61.153316497802734
644,cut2,644,POPC,977,92.33563232421875,227.177490234375,54.2041130065918
644,cut2,644,POPC,978,184.55551147460938,37.51108932495117,67.75171661376953
644,cut2,644,POPC,979,166.310546875,131.88320922851562,58.880455017089844
644,cut2,644,POPC,980,127.4354019165039,7.241664886474609,54.91902160644531
644,cut2,644,POPC,981,30.22069549560547,233.0282440185547,60.2418098449707
644,cut2,644,POPC,982,38.09950637817383,157.61334228515625,44.27565383911133
644,cut2,644,POPC,983,95.75172424316406,78.61211395263672,43.78666305541992
644,cut2,644,POPC,984,60.690547943115234,118.95124053955078,41.57384490966797
644,cut2,644,POPC,985,199.2617645263672,17.0749568939209,69.72410583496094
644,cut2,644,POPC,986,189.86077880859375,2.17157244682312,61.849422454833984
644,cut2,644,POPC,987,14.797491073608398,47.43861389160156,61.8178596496582
644,cut2,644,POPC,988,59.62649917602539,10.930440902709961,56.80495071411133
644,cut2,644,POPC,989,120.1871337890625,18.779991149902344,57.22325134277344
644,cut2,644,POPC,990,83.67747497558594,137.31436157226562,40.089134216308594
644,cut2,644,POPC,991,183.00753784179688,23.635051727294922,64.11996459960938
644,cut2,644,POPC,992,64.02510833740234,34.54823684692383,57.76514434814453
644,cut2,644,POPC,993,63.02067947387695,48.06254577636719,55.42598342895508
644,cut2,644,POPC,994,67.2103042602539,154.97927856445312,41.2896728515625
644,cut2,644,POPC,995,52.21284484863281,226.04576110839844,60.47099304199219
644,cut2,644,POPC,996,32.67783737182617,80.06840515136719,54.83414840698242
644,cut2,644,POPC,997,150.2342071533203,189.1832275390625,51.1113166809082
644,cut2,644,POPC,998,151.54429626464844,175.47503662109375,53.33665084838867
644,cut2,644,POPC,999,113.1587142944336,71.9977035522461,43.31449127197265
644,cut2,644,POPC,1000,44.30061340332031,169.90988159179688,51.26005554199219
644,cut2,644,POPC,1001,100.77456665039062,116.41513061523438,44.044681549072266
644,cut2,644,POPC,1002,26.2177734375,84.98197174072266,56.507667541503906
644,cut2,644,POPC,1003,121.30314636230469,158.48422241210938,37.0018424987793
644,cut2,644,POPC,1004,108.1663818359375,40.12405776977539,53.87613296508789
644,cut2,644,POPC,1005,97.39325714111328,121.15093994140625,47.59663772583008
644,cut2,644,POPC,1006,161.47174072265625,88.24713134765625,60.485477447509766
644,cut2,644,POPC,1007,175.04489135742188,22.261199951171875,60.70506286621094
644,cut2,644,POPC,1008,50.898216247558594,48.47727966308594,57.855255126953125
644,cut2,644,POPC,1009,163.29237365722656,213.7267303466797,49.69427490234375
644,cut2,644,POPC,1010,5.881717681884766,44.411041259765625,63.79072189331055
644,cut2,644,POPC,1011,56.163177490234375,156.9285888671875,51.05834197998047
644,cut2,644,POPC,1012,-0.05400875210762024,200.54388427734375,55.714561462402344
644,cut2,644,POPC,1013,39.3923225402832,164.80723571777344,46.77744674682617
644,cut2,644,POPC,1014,41.67271041870117,77.74243927001953,52.713993072509766
644,cut2,644,POPC,1015,185.57179260253906,215.01492309570312,58.583370208740234
644,cut2,644,POPC,1016,-2.861747980117798,191.60769653320312,56.948123931884766
644,cut2,644,POPC,1017,32.0478630065918,138.56509399414062,42.9002571105957
644,cut2,644,POPC,1018,46.07442092895508,131.9830322265625,31.990333557128906
644,cut2,644,POPC,1019,178.1608428955078,150.94351196289062,66.72489929199219
644,cut2,644,POPC,1020,70.68798828125,42.43152618408203,59.52878189086914
644,cut2,644,POPC,1021,136.72462463378906,101.82670593261719,46.14097595214844
644,cut2,644,POPC,1022,159.39434814453125,140.42617797851565,49.184268951416016
644,cut2,644,POPC,1023,187.9149169921875,110.71365356445312,62.64955520629883
644,cut2,644,POPC,1024,149.07391357421875,1.4571406841278076,61.830291748046875
644,cut2,644,POPC,1025,173.4915313720703,38.99027633666992,66.93733215332031
644,cut2,644,POPC,1026,97.57940673828125,42.819278717041016,52.511451721191406
644,cut2,644,POPC,1027,185.82444763183594,180.60311889648438,56.39334487915039
644,cut2,644,POPC,1028,165.67532348632812,42.07426452636719,70.4975357055664
644,cut2,644,POPC,1029,74.5943603515625,28.275066375732422,55.941463470458984
644,cut2,644,POPC,1030,189.9811248779297,92.73639678955078,62.66860580444336
644,cut2,644,POPC,1031,37.98685073852539,31.777233123779297,61.31256103515625
644,cut2,644,POPC,1032,97.59020233154297,89.00142669677734,39.07670593261719
644,cut2,644,POPC,1033,26.96845245361328,8.990346908569336,61.9062385559082
644,cut2,644,POPC,1034,54.455204010009766,2.9006001949310303,61.99759292602539
644,cut2,644,POPC,1035,165.49281311035156,165.753173828125,49.602882385253906
644,cut2,644,POPC,1036,69.08832550048828,24.29431915283203,57.54246139526367
644,cut2,644,POPC,1037,12.78537368774414,6.051513671875,62.22373580932617
644,cut2,644,POPC,1038,176.95013427734375,169.43385314941406,53.68904113769531
644,cut2,644,POPC,1039,155.4419708251953,226.15675354003906,57.83576202392578
644,cut2,644,POPC,1040,150.7386474609375,182.9905548095703,53.342655181884766
644,cut2,644,POPC,1041,10.423799514770508,62.13688659667969,61.29401779174805
644,cut2,644,POPC,1042,15.677986145019531,34.16188049316406,61.555538177490234
644,cut2,644,POPC,1043,184.37896728515625,159.9540557861328,61.0220832824707
644,cut2,644,POPC,1044,21.45368766784668,160.5994415283203,47.42141342163086
644,cut2,644,POPC,1045,65.22579956054688,95.77576446533203,44.69816207885742
644,cut2,644,POPC,1046,56.66542434692383,194.22442626953125,50.3385009765625
644,cut2,644,POPC,1047,54.370567321777344,75.94613647460938,50.020172119140625
644,cut2,644,POPC,1048,20.696678161621094,51.03562927246094,61.61758041381836
644,cut2,644,POPC,1049,38.331668853759766,183.61033630371094,54.32624435424805
644,cut2,644,POPC,1050,180.30296325683594,29.355426788330078,64.65071868896484
644,cut2,644,POPC,1051,130.7476348876953,184.7349395751953,46.10042953491211
644,cut2,644,POPC,1052,173.08815002441406,137.78155517578125,62.042335510253906
644,cut2,644,POPC,1053,175.43882751464844,132.94857788085938,62.12520217895508
644,cut2,644,POPC,1054,174.9180450439453,195.14144897460938,53.89690017700195
644,cut2,644,POPC,1055,163.70570373535156,104.55000305175781,60.758544921875
644,cut2,644,POPC,1056,32.53969192504883,238.7234344482422,63.98330307006836
644,cut2,644,POPC,1057,134.8874969482422,141.87588500976562,42.898860931396484
644,cut2,644,POPC,1058,42.353858947753906,150.33619689941406,41.209739685058594
644,cut2,644,POPC,1059,175.14344787597656,7.49561882019043,57.545997619628906
644,cut2,644,POPC,1060,1.4364721775054932,33.487064361572266,67.5434341430664
644,cut2,644,POPC,1061,192.81396484375,65.2447280883789,67.961669921875
644,cut2,644,POPC,1062,170.6360321044922,86.9498291015625,60.23831558227539
644,cut2,644,POPC,1063,5.767971992492676,228.2646942138672,59.03001022338867
644,cut2,644,POPC,1064,46.410316467285156,181.8938446044922,51.43476486206055
644,cut2,644,POPC,1065,43.2100715637207,28.233150482177734,58.49258804321289
644,cut2,644,POPC,1066,22.382287979125977,193.80348205566406,52.47835922241211
644,cut2,644,POPC,1067,40.327816009521484,46.147178649902344,54.71842956542969
644,cut2,644,POPC,1068,64.87837982177734,52.871620178222656,52.74151611328125
644,cut2,644,POPC,1069,120.88462829589844,57.066139221191406,53.20942687988281
644,cut2,644,POPC,1070,109.35298919677734,85.62223815917969,41.155738830566406
644,cut2,644,POPC,1071,41.89603042602539,240.5099639892578,61.689002990722656
644,cut2,644,POPC,1072,141.21820068359375,144.47166442871097,42.98375701904297
644,cut2,644,POPC,1073,78.35845184326172,39.371734619140625,56.82231521606445
644,cut2,644,POPC,1074,160.68016052246094,-0.46857950091362,57.132320404052734
644,cut2,644,POPC,1075,86.16049194335938,201.17835998535156,52.45756149291992
644,cut2,644,POPC,1076,27.136119842529297,54.679443359375,59.28722381591797
644,cut2,644,POPC,1077,151.49163818359375,21.985427856445312,55.155696868896484
644,cut2,644,POPC,1078,158.42774963378906,236.9468536376953,55.629249572753906
644,cut2,644,POPC,1079,43.56058120727539,9.632925033569336,60.34327697753906
644,cut2,644,POPC,1080,56.34267807006836,32.33198547363281,59.65924072265625
644,cut2,644,POPC,1081,-4.498143672943115,103.51522064208984,66.07366943359375
644,cut2,644,POPC,1082,64.55287170410156,226.99099731445312,57.38592529296875
644,cut2,644,POPC,1083,72.8919906616211,185.99098205566406,45.28336715698242
644,cut2,644,POPC,1084,153.59750366210938,0.40673425793647766,59.775569915771484
644,cut2,644,POPC,1085,183.98345947265625,42.339019775390625,71.09696960449219
644,cut2,644,POPC,1086,141.89932250976562,178.65673828125,46.63255310058594
644,cut2,644,POPC,1087,172.30612182617188,184.9027099609375,49.146736145019524
644,cut2,644,POPC,1088,165.58990478515625,145.18551635742188,46.327545166015625
644,cut2,644,POPC,1089,26.235645294189453,92.2960205078125,54.97275161743164
644,cut2,644,POPC,1090,170.26837158203125,169.27276611328125,50.827301025390625
644,cut2,644,POPC,1091,181.72508239746094,241.12054443359375,61.43273162841797
644,cut2,644,POPC,1092,158.14871215820312,37.622581481933594,67.64875793457033
644,cut2,644,POPC,1093,96.60820007324219,179.89707946777344,37.820613861083984
644,cut2,644,POPC,1094,67.96977233886719,72.67900848388672,45.428489685058594
644,cut2,644,POPC,1095,108.40018463134766,28.330692291259766,53.52228546142578
644,cut2,644,POPC,1096,132.06341552734375,136.90707397460938,42.62835693359375
644,cut2,644,POPC,1097,170.89419555664062,126.48692321777344,62.083152770996094
644,cut2,644,POPC,1098,77.75435638427734,232.32492065429688,54.63869857788086
644,cut2,644,POPC,1099,178.52691650390625,208.21641540527344,56.63585662841797
644,cut2,644,POPC,1100,66.9857177734375,30.050308227539062,60.59097671508789
644,cut2,644,POPC,1101,64.81871795654297,66.2474365234375,46.06535339355469
644,cut2,644,POPC,1102,147.61032104492188,238.9166717529297,58.799922943115234
644,cut2,644,POPC,1103,156.49075317382812,8.156229019165039,57.11781311035156
644,cut2,644,POPC,1104,129.61370849609375,28.782184600830078,55.78239059448242
644,cut2,644,POPC,1105,90.20206451416016,78.42266082763672,44.08772277832031
644,cut2,644,POPC,1106,35.5145263671875,208.4100341796875,56.08930206298828
644,cut2,644,POPC,1107,114.36333465576172,172.89035034179688,32.749542236328125
644,cut2,644,POPC,1108,151.52593994140625,161.0262908935547,49.53721618652343
644,cut2,644,POPC,1109,194.6953582763672,116.29420471191406,58.49607467651367
644,cut2,644,POPC,1110,134.38914489746094,10.359241485595703,52.98574447631836
644,cut2,644,POPC,1111,77.560791015625,148.59799194335938,43.60502243041992
644,cut2,644,POPC,1112,7.987665176391602,99.78880310058594,49.88359451293945
644,cut2,644,POPC,1113,14.08232307434082,222.96682739257812,60.140342712402344
644,cut2,644,POPC,1114,7.682102203369141,214.02565002441406,53.938079833984375
644,cut2,644,POPC,1115,31.3223876953125,177.0760955810547,53.935768127441406
644,cut2,644,POPC,1116,199.26931762695312,3.5902621746063232,63.7321891784668
644,cut2,644,POPC,1117,167.54957580566406,24.96572494506836,58.3450813293457
644,cut2,644,POPC,1118,50.46990203857422,64.5508804321289,56.43876266479492
644,cut2,644,POPC,1119,25.618759155273438,76.63740539550781,58.66951370239258
644,cut2,644,POPC,1120,136.99185180664062,183.98817443847656,49.02861022949219
644,cut2,644,POPC,1121,109.88215637207031,94.02100372314453,41.47283935546875
644,cut2,644,POPC,1122,87.65911865234375,57.703468322753906,48.872310638427734
644,cut2,644,POPC,1123,146.74237060546875,226.97018432617188,60.085201263427734
644,cut2,644,POPC,1124,14.94418716430664,205.94302368164062,53.35525131225587
644,cut2,644,POPC,1125,51.67596435546875,136.96690368652344,34.393959045410156
644,cut2,644,POPC,1126,130.0974578857422,163.403076171875,42.11699676513672
644,cut2,644,POPC,1127,0.236310213804245,27.292598724365234,65.80400085449219
644,cut2,644,POPC,1128,45.71965789794921,21.35452651977539,56.210636138916016
644,cut2,644,POPC,1129,72.24816131591797,59.09917449951172,50.20339584350586
644,cut2,644,POPC,1130,102.11695098876953,178.62130737304688,31.366695404052734
644,cut2,644,POPC,1131,-1.6703341007232666,97.69178771972656,63.12046432495117
644,cut2,644,POPC,1132,27.571136474609375,42.254451751708984,61.02644348144531
644,cut2,644,POPC,1133,42.315975189208984,205.7783966064453,57.260093688964844
644,cut2,644,POPC,1134,20.822551727294922,42.79303741455078,62.748783111572266
644,cut2,644,POPC,1135,82.15166473388672,65.3206787109375,49.277347564697266
644,cut2,644,POPC,1136,139.3416290283203,155.5644073486328,44.98117446899414
644,cut2,644,POPC,1137,-1.806246042251587,71.70250701904297,61.500972747802734
644,cut2,644,POPC,1138,180.21401977539062,117.39374542236328,60.30711364746094
644,cut2,644,POPC,1139,39.127906799316406,178.7195281982422,51.598583221435554
644,cut2,644,POPC,1140,65.5091552734375,5.68208122253418,57.3981819152832
644,cut2,644,POPC,1141,97.80156707763672,127.70289611816406,51.1142692565918
644,cut2,644,POPC,1142,75.37095642089844,18.227773666381836,57.522804260253906
644,cut2,644,POPC,1143,172.933837890625,222.35009765625,50.441444396972656
644,cut2,644,SAPI,1144,80.61652374267578,13.745454788208008,59.35213088989258
644,cut2,644,SAPI,1145,65.93401336669922,139.84912109375,39.076045989990234
644,cut2,644,SAPI,1146,123.99754333496094,39.979225158691406,58.55044174194335
644,cut2,644,SAPI,1147,20.448745727539062,65.22770690917969,57.70698547363281
644,cut2,644,SAPI,1148,36.031558990478516,148.1792449951172,39.99752426147461
644,cut2,644,SAPI,1149,9.046722412109375,163.8653106689453,50.35388946533203
644,cut2,644,SAPI,1150,176.73135375976562,158.94500732421875,59.92140197753906
644,cut2,644,SAPI,1151,115.18856048583984,165.81788635253906,32.86929702758789
644,cut2,644,SAPI,1152,7.614784240722656,140.89599609375,49.61982345581055
644,cut2,644,SAPI,1153,75.51619720458984,199.54246520996094,48.069801330566406
644,cut2,644,SAPI,1154,81.23367309570312,241.26666259765625,59.73434829711914
644,cut2,644,SAPI,1155,150.79966735839844,33.45695877075195,63.2938346862793
644,cut2,644,SAPI,1156,129.3741455078125,144.35571289062497,41.08833694458008
644,cut2,644,SAPI,1157,132.7864532470703,23.749385833740234,56.847843170166016
644,cut2,644,SAPI,1158,189.33636474609375,103.72159576416016,61.63884353637695
644,cut2,644,SAPI,1159,78.05572509765625,88.71493530273438,42.57440948486328
644,cut2,644,SAPI,1160,127.24231719970703,212.77809143066406,48.261474609375
644,cut2,644,SAPI,1161,69.07353210449219,92.18002319335938,41.80722427368164
644,cut2,644,SAPI,1162,134.8572540283203,123.95889282226562,44.62648010253906
644,cut2,644,SAPI,1163,167.1682891845703,95.23138427734375,60.22555160522461
644,cut2,644,SAPI,1164,158.10816955566406,124.1945571899414,49.768104553222656
644,cut2,644,SAPI,1165,154.16409301757812,105.00982666015625,59.143558502197266
644,cut2,644,SAPI,1166,3.9405481815338135,102.00831604003906,55.246620178222656
644,cut2,644,SAPI,1167,161.85641479492188,221.94483947753906,52.56416702270508
644,cut2,644,SAPI,1168,172.4093017578125,229.11181640625,55.65781784057617
644,cut2,644,SAPI,1169,170.15798950195312,64.05455780029297,67.06653594970703
644,cut2,644,SAPI,1170,77.4988021850586,189.3307342529297,44.20625305175781
644,cut2,644,SAPI,1171,91.5201416015625,233.54913330078125,58.804805755615234
644,cut2,644,SAPI,1172,105.33051300048828,163.53427124023438,31.98534393310547
644,cut2,644,SAPI,1173,144.31642150878906,26.82064437866211,55.722042083740234
644,cut2,644,SAPI,1174,92.4148178100586,87.06851959228516,42.13139343261719
644,cut2,644,SAPI,1175,90.40709686279297,207.84548950195312,50.183311462402344
644,cut2,644,SAPI,1176,130.7588348388672,-2.1973507404327393,54.6087532043457
644,cut2,644,SAPI,1177,25.276294708251953,20.319263458251953,60.08308029174805
644,cut2,644,SAPI,1178,75.9248275756836,160.89146423339844,36.88219451904297
644,cut2,644,SAPI,1179,111.67807006835938,1.5373332500457764,55.6247673034668
644,cut2,644,SAPI,1180,137.7782440185547,149.3386993408203,43.535701751708984
644,cut2,644,SAPI,1181,57.65274429321289,120.86172485351562,35.38459014892579
