,System,Frame,Resname,Resnum,X,Y,Z
3736,cut3,3736,POPC,0,8.465226173400879,144.62667846679688,74.71096801757812
3736,cut3,3736,POPC,1,16.48276710510254,176.08023071289062,83.61293029785156
3736,cut3,3736,POPC,2,187.74090576171875,46.933841705322266,89.92769622802734
3736,cut3,3736,POPC,3,213.25474548339844,149.74192810058594,78.07547760009764
3736,cut3,3736,POPC,4,191.6186981201172,156.85025024414062,82.86820220947266
3736,cut3,3736,POPC,5,171.25656127929688,162.40907287597656,82.51861572265625
3736,cut3,3736,POPC,6,143.2314453125,170.5157470703125,72.81726837158203
3736,cut3,3736,POPC,7,7.378165245056153,54.79383087158203,87.29340362548828
3736,cut3,3736,POPC,8,199.44290161132812,47.11479187011719,92.38790893554688
3736,cut3,3736,POPC,9,203.880615234375,154.46510314941406,85.24873352050781
3736,cut3,3736,POPC,10,14.857316017150879,128.5314178466797,76.4789810180664
3736,cut3,3736,POPC,11,183.0782928466797,115.56784057617188,81.77989959716797
3736,cut3,3736,POPC,12,68.81549835205078,149.1741180419922,78.31066131591797
3736,cut3,3736,POPC,13,193.2003631591797,217.23147583007812,89.06237030029297
3736,cut3,3736,POPC,14,139.48260498046875,162.36146545410156,73.86663818359375
3736,cut3,3736,POPC,15,168.69927978515625,194.703125,81.50467681884766
3736,cut3,3736,POPC,16,32.5335578918457,147.9945831298828,74.92167663574217
3736,cut3,3736,POPC,17,113.58074951171875,95.53789520263672,72.67274475097656
3736,cut3,3736,POPC,18,71.52643585205078,174.10389709472656,84.43795776367188
3736,cut3,3736,POPC,19,129.218994140625,212.35292053222656,89.77312469482422
3736,cut3,3736,POPC,20,181.39927673339844,143.78057861328125,88.64067840576172
3736,cut3,3736,POPC,21,144.68785095214844,109.49616241455078,75.41946411132812
3736,cut3,3736,POPC,22,149.7133026123047,209.76158142089844,98.3675537109375
3736,cut3,3736,POPC,23,139.1307373046875,56.69652557373047,73.10188293457031
3736,cut3,3736,POPC,24,90.95864868164062,191.84030151367188,82.91576385498047
3736,cut3,3736,POPC,25,89.55326080322266,91.66136932373047,75.92047882080078
3736,cut3,3736,POPC,26,200.17001342773438,183.78086853027344,83.00928497314453
3736,cut3,3736,POPC,27,45.65756607055664,185.53329467773438,85.16523742675781
3736,cut3,3736,POPC,28,118.71671295166016,26.707622528076172,88.57317352294922
3736,cut3,3736,POPC,29,129.27310180664062,28.306716918945312,84.4594955444336
3736,cut3,3736,POPC,30,75.13896179199219,3.1195766925811768,80.32159423828125
3736,cut3,3736,POPC,31,158.5638885498047,185.080810546875,84.24227905273438
3736,cut3,3736,POPC,32,86.06727600097656,194.7254638671875,82.90365600585938
3736,cut3,3736,POPC,33,68.66893768310547,53.81964111328126,89.55901336669922
3736,cut3,3736,POPC,34,160.5699462890625,103.11348724365234,78.9289779663086
3736,cut3,3736,POPC,35,112.4731216430664,41.57526779174805,82.37345123291016
3736,cut3,3736,POPC,36,194.55894470214844,6.440892219543457,89.11946105957031
3736,cut3,3736,POPC,37,53.56468963623047,55.706153869628906,83.67803955078125
3736,cut3,3736,POPC,38,78.1744155883789,71.35526275634766,84.30821990966797
3736,cut3,3736,POPC,39,176.13157653808594,192.98406982421875,80.82099151611328
3736,cut3,3736,POPC,40,100.20336151123047,77.44728088378906,73.2184066772461
3736,cut3,3736,POPC,41,77.51177215576172,98.2182846069336,80.32667541503906
3736,cut3,3736,POPC,42,13.330109596252441,80.7573471069336,88.64717102050781
3736,cut3,3736,POPC,43,95.75682067871094,73.90514373779297,76.33182525634766
3736,cut3,3736,POPC,44,101.46422576904297,224.23489379882812,88.70354461669922
3736,cut3,3736,POPC,45,51.294830322265625,60.37263488769531,89.32649993896484
3736,cut3,3736,POPC,46,107.7583236694336,15.34129810333252,82.91913604736328
3736,cut3,3736,POPC,47,55.72096633911133,29.14716339111328,89.37909698486328
3736,cut3,3736,POPC,48,171.16075134277344,108.17864990234375,80.52267456054688
3736,cut3,3736,POPC,49,195.89849853515625,210.53311157226562,86.76750946044922
3736,cut3,3736,POPC,50,26.435382843017578,67.90220642089844,92.31460571289062
3736,cut3,3736,POPC,51,107.41340637207031,76.32946014404297,71.31517028808594
3736,cut3,3736,POPC,52,31.26156997680664,118.57991027832031,78.0445327758789
3736,cut3,3736,POPC,53,95.86576080322266,173.1800994873047,76.71998596191406
3736,cut3,3736,POPC,54,184.88665771484375,173.75747680664062,86.26786041259766
3736,cut3,3736,POPC,55,111.96942138671875,81.17037200927734,70.78335571289062
3736,cut3,3736,POPC,56,189.59173583984375,76.19762420654297,90.52404022216797
3736,cut3,3736,POPC,57,139.13700866699222,179.16250610351562,70.86128234863281
3736,cut3,3736,POPC,58,163.85377502441406,162.39654541015625,79.93733215332031
3736,cut3,3736,POPC,59,118.97769927978516,10.615443229675293,85.87860870361328
3736,cut3,3736,POPC,60,31.053638458251953,157.3424072265625,79.77595520019531
3736,cut3,3736,POPC,61,172.12330627441406,129.44622802734375,77.2577896118164
3736,cut3,3736,POPC,62,29.75372695922852,3.881728410720825,86.99402618408203
3736,cut3,3736,POPC,63,88.89656829833984,164.1422119140625,79.5367660522461
3736,cut3,3736,POPC,64,178.30551147460938,110.91654968261719,79.2898178100586
3736,cut3,3736,POPC,65,107.58399200439453,116.7146224975586,76.40937042236328
3736,cut3,3736,POPC,66,25.678340911865234,26.082775115966797,91.71646881103516
3736,cut3,3736,POPC,67,17.180328369140625,183.3961181640625,82.71961975097656
3736,cut3,3736,POPC,68,35.549102783203125,40.591800689697266,90.94776153564453
3736,cut3,3736,POPC,69,21.552295684814453,217.07249450683594,86.64276885986328
3736,cut3,3736,POPC,70,64.68086242675781,43.3677864074707,85.70903015136719
3736,cut3,3736,POPC,71,135.6068878173828,177.98202514648438,39.689334869384766
3736,cut3,3736,POPC,72,217.38632202148438,89.43366241455078,89.6181411743164
3736,cut3,3736,POPC,73,139.414306640625,114.94386291503906,77.2730712890625
3736,cut3,3736,POPC,74,172.85076904296875,8.684693336486816,92.12895965576172
3736,cut3,3736,POPC,75,43.38532257080078,147.28945922851562,78.64662933349608
3736,cut3,3736,POPC,76,9.812214851379395,223.72938537597656,86.82339477539062
3736,cut3,3736,POPC,77,131.1531982421875,140.45628356933594,70.55728912353516
3736,cut3,3736,POPC,78,190.5293731689453,37.63984680175781,52.69279861450195
3736,cut3,3736,POPC,79,109.51901245117188,54.727783203125,77.6513442993164
3736,cut3,3736,POPC,80,98.85806274414062,200.36529541015625,87.14928436279297
3736,cut3,3736,POPC,81,38.27653884887695,6.783997535705566,88.31665802001953
3736,cut3,3736,POPC,82,6.88083553314209,65.98956298828125,87.59908294677734
3736,cut3,3736,POPC,83,13.574456214904785,164.15841674804688,75.59534454345703
3736,cut3,3736,POPC,84,77.78617858886719,159.37400817871094,80.32027435302734
3736,cut3,3736,POPC,85,146.6313781738281,57.29527282714844,72.14866638183594
3736,cut3,3736,POPC,86,65.18272399902344,197.3257598876953,84.84893798828125
3736,cut3,3736,POPC,87,40.327415466308594,52.04735565185547,89.12976837158203
3736,cut3,3736,POPC,88,38.214599609375,46.48676300048828,90.55484008789062
3736,cut3,3736,POPC,89,146.58944702148438,174.93978881835938,74.89292907714844
3736,cut3,3736,POPC,90,61.796993255615234,191.5452117919922,88.08731842041016
3736,cut3,3736,POPC,91,109.0216064453125,216.7493896484375,92.27482604980469
3736,cut3,3736,POPC,92,153.07049560546875,130.33494567871094,82.3484878540039
3736,cut3,3736,POPC,93,54.521732330322266,-3.2896029949188232,86.14205169677734
3736,cut3,3736,POPC,94,4.25015926361084,60.25727844238281,88.20829010009766
3736,cut3,3736,POPC,95,132.18206787109375,118.46176147460938,72.61741638183594
3736,cut3,3736,POPC,96,181.94497680664062,129.12899780273438,82.10055541992188
3736,cut3,3736,POPC,97,107.46309661865234,106.03895568847656,43.38592529296875
3736,cut3,3736,POPC,98,198.4818878173828,80.52362060546875,90.23102569580078
3736,cut3,3736,POPC,99,78.08831024169922,165.2957305908203,79.62329864501953
3736,cut3,3736,POPC,100,28.627723693847656,52.02409362792969,90.18265533447266
3736,cut3,3736,POPC,101,75.46595764160156,120.8321533203125,71.75376892089844
3736,cut3,3736,POPC,102,165.7058868408203,127.1175537109375,79.84957885742188
3736,cut3,3736,POPC,103,85.94996643066405,74.7802505493164,82.25273895263672
3736,cut3,3736,POPC,104,46.220733642578125,26.148170471191406,95.52960205078125
3736,cut3,3736,POPC,105,14.322531700134277,193.0934600830078,84.40315246582031
3736,cut3,3736,POPC,106,105.86377716064453,58.095298767089844,74.68214416503906
3736,cut3,3736,POPC,107,95.23461151123047,42.4097785949707,84.51948547363281
3736,cut3,3736,POPC,108,195.2746124267578,222.4497833251953,87.07538604736328
3736,cut3,3736,POPC,109,192.37481689453125,163.20640563964844,80.28300476074219
3736,cut3,3736,POPC,110,100.80718231201172,5.197521209716797,89.80707550048828
3736,cut3,3736,POPC,111,136.59552001953125,28.318504333496094,78.43607330322266
3736,cut3,3736,POPC,112,114.82672119140625,21.214210510253906,85.45286560058594
3736,cut3,3736,POPC,113,181.9835662841797,47.56081008911133,90.16429138183594
3736,cut3,3736,POPC,114,93.02445983886719,207.1793975830078,86.29566192626953
3736,cut3,3736,POPC,115,197.4878692626953,13.47575855255127,86.26275634765625
3736,cut3,3736,POPC,116,190.6125946044922,83.19769287109375,91.17305755615234
3736,cut3,3736,POPC,117,148.91554260253906,38.07980728149414,81.06035614013672
3736,cut3,3736,POPC,118,64.31654357910156,134.93475341796875,74.05220794677734
3736,cut3,3736,POPC,119,117.46721649169922,223.7412109375,89.9632339477539
3736,cut3,3736,POPC,120,63.84518051147461,17.07509994506836,83.91619873046875
3736,cut3,3736,POPC,121,159.0148468017578,134.53927612304688,82.0228042602539
3736,cut3,3736,POPC,122,124.66323852539062,149.9871826171875,69.99007415771484
3736,cut3,3736,POPC,123,3.8589305877685547,174.6035614013672,82.55509185791016
3736,cut3,3736,POPC,124,68.59317779541016,161.66322326660156,76.7590560913086
3736,cut3,3736,POPC,125,83.164306640625,168.47193908691406,78.14157104492188
3736,cut3,3736,POPC,126,184.95106506347656,167.05230712890625,81.61363983154297
3736,cut3,3736,POPC,127,81.14202880859375,209.65870666503906,79.82721710205078
3736,cut3,3736,POPC,128,35.37126541137695,187.4560089111328,45.570796966552734
3736,cut3,3736,POPC,129,102.34558868408203,120.60844421386719,46.15691757202148
3736,cut3,3736,POPC,130,85.14530181884766,206.18814086914065,83.43132019042969
3736,cut3,3736,POPC,131,181.24502563476562,122.47171020507812,81.2026596069336
3736,cut3,3736,POPC,132,201.8289337158203,135.88243103027344,84.33345031738281
3736,cut3,3736,POPC,133,198.00146484375,88.90917205810547,92.15958404541016
3736,cut3,3736,POPC,134,97.9762954711914,160.740478515625,78.63758087158203
3736,cut3,3736,POPC,135,100.61457824707031,102.6982421875,84.8012924194336
3736,cut3,3736,POPC,136,196.0137176513672,152.63290405273438,84.56100463867188
3736,cut3,3736,POPC,137,77.07464599609375,197.0045623779297,84.52997589111328
3736,cut3,3736,POPC,138,47.12557601928711,96.45849609375,82.92028045654297
3736,cut3,3736,POPC,139,30.092567443847656,198.73483276367188,79.9330062866211
3736,cut3,3736,POPC,140,130.98846435546875,132.1149139404297,73.5279541015625
3736,cut3,3736,POPC,141,165.1788330078125,136.14332580566406,80.05054473876953
3736,cut3,3736,POPC,142,173.36599731445312,54.059608459472656,87.36000061035156
3736,cut3,3736,POPC,143,138.412109375,2.449265718460083,92.4053726196289
3736,cut3,3736,POPC,144,137.8683319091797,109.80714416503906,78.40982055664062
3736,cut3,3736,POPC,145,175.04304504394534,47.804195404052734,88.13899993896484
3736,cut3,3736,POPC,146,92.54122924804688,27.526397705078125,86.59999084472656
3736,cut3,3736,POPC,147,32.655799865722656,14.906723976135254,92.51901245117188
3736,cut3,3736,POPC,148,47.174488067626946,68.05756378173828,92.70169067382812
3736,cut3,3736,POPC,149,202.26373291015625,201.8157501220703,89.75714874267578
3736,cut3,3736,POPC,150,23.27524185180664,179.6739959716797,81.7440185546875
3736,cut3,3736,POPC,151,164.45686340332034,119.3260498046875,78.97319030761719
3736,cut3,3736,POPC,152,66.95362854003905,8.007676124572754,85.67031860351562
3736,cut3,3736,POPC,153,143.45204162597656,140.14987182617188,75.80722045898438
3736,cut3,3736,POPC,154,72.11480712890625,38.53873062133789,87.0232162475586
3736,cut3,3736,POPC,155,84.33842468261719,199.8507080078125,86.11117553710938
3736,cut3,3736,POPC,156,80.1557388305664,135.4576873779297,79.2424774169922
3736,cut3,3736,POPC,157,27.719680786132812,215.81094360351562,87.08309936523438
3736,cut3,3736,POPC,158,178.8938446044922,168.8895721435547,83.58070373535156
3736,cut3,3736,POPC,159,35.9968376159668,57.114532470703125,89.87000274658203
3736,cut3,3736,POPC,160,37.832393646240234,114.9806900024414,76.45854187011719
3736,cut3,3736,POPC,161,90.70848846435547,178.24929809570315,82.01264953613281
3736,cut3,3736,POPC,162,103.90689086914062,198.0144500732422,90.87396240234375
3736,cut3,3736,POPC,163,58.66955184936524,6.470454216003418,87.87413787841797
3736,cut3,3736,POPC,164,35.2345085144043,131.11175537109375,77.8652114868164
3736,cut3,3736,POPC,165,75.80369567871094,204.0909423828125,81.4297866821289
3736,cut3,3736,POPC,166,17.312313079833984,61.71232604980469,91.15795135498047
3736,cut3,3736,POPC,167,154.19921875,92.47647094726562,80.69216156005861
3736,cut3,3736,POPC,168,199.8804473876953,75.20436096191406,90.1121597290039
3736,cut3,3736,POPC,169,208.78216552734375,4.8539323806762695,89.96320343017578
3736,cut3,3736,POPC,170,127.27030181884766,81.36426544189453,68.63639831542969
3736,cut3,3736,POPC,171,73.60811614990234,89.90888977050781,82.4995346069336
3736,cut3,3736,POPC,172,162.2256317138672,8.737626075744629,93.71646881103516
3736,cut3,3736,POPC,173,25.937023162841797,136.59051513671875,75.20648193359375
3736,cut3,3736,POPC,174,90.25785827636719,54.573265075683594,86.45028686523438
3736,cut3,3736,POPC,175,174.34446716308594,68.90315246582031,88.4112319946289
3736,cut3,3736,POPC,176,78.43192291259766,19.600648880004883,82.500244140625
3736,cut3,3736,POPC,177,87.31166076660156,41.190589904785156,86.52347564697266
3736,cut3,3736,POPC,178,109.0059814453125,121.93313598632812,73.30806732177734
3736,cut3,3736,POPC,179,76.55567932128906,60.1832275390625,85.31379699707031
3736,cut3,3736,POPC,180,88.99435424804688,66.9031753540039,80.43030548095703
3736,cut3,3736,POPC,181,109.85285186767578,188.5326385498047,78.7592544555664
3736,cut3,3736,POPC,182,186.76220703125,228.35635375976562,89.03668212890625
3736,cut3,3736,POPC,183,108.29829406738281,64.62979888916016,74.91011810302734
3736,cut3,3736,POPC,184,12.302836418151855,61.656524658203125,54.818145751953125
3736,cut3,3736,POPC,185,202.12686157226562,207.7563018798828,88.41169738769531
3736,cut3,3736,POPC,186,93.60523986816406,226.41781616210938,86.37843322753906
3736,cut3,3736,POPC,187,144.4922332763672,3.6139070987701416,99.19313049316406
3736,cut3,3736,POPC,188,209.87950134277344,23.10877227783203,90.57108306884766
3736,cut3,3736,POPC,189,55.10187911987305,70.01575469970703,95.08971405029297
3736,cut3,3736,POPC,190,193.53224182128906,107.5679931640625,88.67097473144531
3736,cut3,3736,POPC,191,102.59062957763673,12.145506858825684,86.99142456054688
3736,cut3,3736,POPC,192,183.7760467529297,135.6824493408203,83.52333068847656
3736,cut3,3736,POPC,193,32.91900634765625,179.59547424316406,81.79844665527344
3736,cut3,3736,POPC,194,122.48786926269531,74.38847351074217,68.17235565185547
3736,cut3,3736,POPC,195,186.4105682373047,183.08714294433594,46.544246673583984
3736,cut3,3736,POPC,196,14.59563159942627,54.772308349609375,90.3965072631836
3736,cut3,3736,POPC,197,152.9801788330078,152.00921630859375,76.73715209960938
3736,cut3,3736,POPC,198,207.24867248535156,91.2021484375,90.43984985351562
3736,cut3,3736,POPC,199,22.666423797607422,59.24797821044922,89.0241928100586
3736,cut3,3736,POPC,200,16.541358947753906,43.92569351196289,91.63345336914062
3736,cut3,3736,POPC,201,206.0258331298828,43.56111145019531,91.67960357666016
3736,cut3,3736,POPC,202,178.3798065185547,161.07000732421872,83.32532501220703
3736,cut3,3736,POPC,203,125.19499206542969,188.5653839111328,75.14869689941406
3736,cut3,3736,POPC,204,8.677046775817871,204.37472534179688,85.34507751464844
3736,cut3,3736,POPC,205,56.96220779418945,163.63211059570312,81.3194351196289
3736,cut3,3736,POPC,206,202.17047119140625,97.29219818115234,92.28335571289062
3736,cut3,3736,POPC,207,17.301237106323242,221.0181732177734,86.072509765625
3736,cut3,3736,POPC,208,195.61920166015625,32.821109771728516,89.85846710205078
3736,cut3,3736,POPC,209,211.54197692871094,182.74224853515625,80.69548034667969
3736,cut3,3736,POPC,210,62.29765701293945,51.277008056640625,88.15584564208984
3736,cut3,3736,POPC,211,40.77827453613281,155.83949279785156,81.75448608398438
3736,cut3,3736,POPC,212,175.23147583007812,134.84014892578122,82.86731719970703
3736,cut3,3736,POPC,213,166.2653045654297,106.38175964355469,77.6663818359375
3736,cut3,3736,POPC,214,210.5995635986328,76.42485809326172,93.21802520751953
3736,cut3,3736,POPC,215,83.42291259765625,50.82877731323242,87.46442413330078
3736,cut3,3736,POPC,216,54.012054443359375,203.31863403320312,86.07846069335938
3736,cut3,3736,POPC,217,12.627318382263184,74.44596862792969,87.4687728881836
3736,cut3,3736,POPC,218,99.73954010009766,111.42725372314453,82.67940521240234
3736,cut3,3736,POPC,219,31.442970275878906,35.21773910522461,94.09795379638672
3736,cut3,3736,POPC,220,131.95001220703125,148.64878845214844,75.05146026611328
3736,cut3,3736,POPC,221,7.981867790222168,167.6321258544922,78.0954818725586
3736,cut3,3736,POPC,222,16.11785316467285,150.9517059326172,75.55284118652344
3736,cut3,3736,POPC,223,103.67068481445312,25.878585815429688,85.93961334228516
3736,cut3,3736,POPC,224,138.27545166015625,124.31124877929688,75.5714111328125
3736,cut3,3736,POPC,225,166.7609100341797,182.2047882080078,82.06867218017578
3736,cut3,3736,POPC,226,159.5337677001953,172.33799743652344,43.41739273071289
3736,cut3,3736,POPC,227,123.80595397949219,142.92491149902344,71.31663513183594
3736,cut3,3736,POPC,228,77.73672485351564,175.94021606445312,82.71443939208984
3736,cut3,3736,POPC,229,188.8219299316406,195.48843383789062,88.3687973022461
3736,cut3,3736,POPC,230,105.6389389038086,85.81657409667969,75.28852081298828
3736,cut3,3736,POPC,231,118.34327697753906,139.65782165527344,71.63355255126953
3736,cut3,3736,POPC,232,124.52735900878906,4.141546249389648,89.7800064086914
3736,cut3,3736,POPC,233,27.059226989746094,204.39239501953125,81.0672836303711
3736,cut3,3736,POPC,234,13.22817325592041,7.06710147857666,87.76322174072266
3736,cut3,3736,POPC,235,32.670310974121094,190.72972106933594,84.00403594970703
3736,cut3,3736,POPC,236,161.07040405273438,73.42675018310547,84.87023162841797
3736,cut3,3736,POPC,237,135.51866149902344,60.18592834472656,70.89697265625001
3736,cut3,3736,POPC,238,62.33755874633789,32.58755111694336,86.39242553710938
3736,cut3,3736,POPC,239,54.580841064453125,13.233475685119629,89.28145599365234
3736,cut3,3736,POPC,240,131.33111572265625,84.96780395507812,69.73612976074219
3736,cut3,3736,POPC,241,91.93931579589844,62.93846893310547,43.08585739135742
3736,cut3,3736,POPC,242,15.04120922088623,201.05043029785156,83.71432495117188
3736,cut3,3736,POPC,243,84.89347076416016,57.207664489746094,84.34268951416016
3736,cut3,3736,POPC,244,28.16714096069336,19.95503044128418,93.122802734375
3736,cut3,3736,POPC,245,137.20494079589844,34.49376678466797,76.23165130615234
3736,cut3,3736,POPC,246,161.84446716308594,82.69075775146484,87.59357452392578
3736,cut3,3736,POPC,247,171.43473815917966,92.39926147460938,87.4258804321289
3736,cut3,3736,POPC,248,125.01258087158203,32.56998062133789,85.69548797607422
3736,cut3,3736,POPC,249,4.921202659606934,182.9501953125,83.7340087890625
3736,cut3,3736,POPC,250,173.44192504882812,187.30076599121094,83.94672393798828
3736,cut3,3736,POPC,251,18.68330192565918,173.65118408203125,77.75401306152344
3736,cut3,3736,POPC,252,146.09573364257812,53.53425216674805,78.39716339111328
3736,cut3,3736,POPC,253,197.31314086914062,66.33587646484375,88.06331634521484
3736,cut3,3736,POPC,254,68.6088638305664,89.67888641357422,85.96630096435547
3736,cut3,3736,POPC,255,205.2674865722656,59.605194091796875,88.45543670654297
3736,cut3,3736,POPC,256,75.15956115722656,53.32137680053711,86.74293518066406
3736,cut3,3736,POPC,257,170.69200134277344,85.774169921875,90.04647827148438
3736,cut3,3736,POPC,258,151.0848846435547,121.83341979980469,83.30293273925781
3736,cut3,3736,POPC,259,100.22381591796875,47.273345947265625,79.08588409423828
3736,cut3,3736,POPC,260,171.74954223632812,150.97195434570312,78.48680877685547
3736,cut3,3736,POPC,261,142.47877502441406,129.26646423339844,78.92630767822266
3736,cut3,3736,POPC,262,182.02195739746094,6.437468528747559,90.30735778808594
3736,cut3,3736,POPC,263,42.445613861083984,118.9605941772461,75.00322723388672
3736,cut3,3736,POPC,264,50.18232727050782,115.96945190429688,74.9996109008789
3736,cut3,3736,POPC,265,25.235309600830078,187.46029663085938,80.54660034179688
3736,cut3,3736,POPC,266,146.69322204589844,63.891929626464844,71.7429428100586
3736,cut3,3736,POPC,267,148.689453125,140.41781616210938,76.98530578613281
3736,cut3,3736,POPC,268,171.49143981933594,118.92425537109375,40.220760345458984
3736,cut3,3736,POPC,269,130.88772583007812,52.506248474121094,76.2139892578125
3736,cut3,3736,POPC,270,141.2508544921875,38.28993606567383,76.96692657470703
3736,cut3,3736,POPC,271,64.23898315429688,210.43214416503906,80.92841339111328
3736,cut3,3736,POPC,272,25.549545288085938,170.0079345703125,79.50607299804688
3736,cut3,3736,POPC,273,110.48005676269531,70.15170288085938,71.46290588378906
3736,cut3,3736,POPC,274,139.0808868408203,168.58245849609375,73.25144958496094
3736,cut3,3736,POPC,275,67.78583526611328,35.447933197021484,83.85028839111328
3736,cut3,3736,POPC,276,9.18485164642334,20.175437927246094,92.45758819580078
3736,cut3,3736,POPC,277,132.19822692871094,178.7218475341797,71.2279052734375
3736,cut3,3736,POPC,278,210.93931579589844,49.08820343017578,94.74592590332031
3736,cut3,3736,POPC,279,131.1194305419922,125.20973205566406,71.78569030761719
3736,cut3,3736,POPC,280,84.1463623046875,126.88568878173828,75.73579406738281
3736,cut3,3736,POPC,281,197.75924682617188,27.17205810546875,88.59425354003906
3736,cut3,3736,POPC,282,190.8046875,19.6414794921875,88.882080078125
3736,cut3,3736,POPC,283,48.05207824707031,162.89678955078125,85.33726501464844
3736,cut3,3736,POPC,284,57.743404388427734,183.90737915039062,84.90534973144531
3736,cut3,3736,POPC,285,56.74070358276367,44.20743179321289,85.29736328125
3736,cut3,3736,POPC,286,123.19940948486328,15.703436851501465,87.0555419921875
3736,cut3,3736,POPC,287,179.78758239746094,225.96817016601562,89.85565185546875
3736,cut3,3736,POPC,288,27.123493194580075,77.5436782836914,90.36981201171875
3736,cut3,3736,POPC,289,147.48422241210938,66.27615356445312,34.305885314941406
3736,cut3,3736,POPC,290,91.9268798828125,17.44328498840332,83.43450164794922
3736,cut3,3736,POPC,291,45.887229919433594,91.58942413330078,88.22039794921875
3736,cut3,3736,POPC,292,203.9281768798828,161.6414337158203,85.35810852050781
3736,cut3,3736,POPC,293,2.464104652404785,42.1222038269043,92.90919494628906
3736,cut3,3736,POPC,294,82.24461364746094,214.54539489746094,82.8805160522461
3736,cut3,3736,POPC,295,89.70022583007812,228.9600067138672,80.71560668945312
3736,cut3,3736,POPC,296,75.41822814941406,77.76179504394531,84.1437759399414
3736,cut3,3736,POPC,297,205.75048828125,178.00216674804688,82.8884735107422
3736,cut3,3736,POPC,298,71.23712158203125,12.984057426452637,84.72864532470703
3736,cut3,3736,POPC,299,16.1303768157959,23.745098114013672,90.02668762207031
3736,cut3,3736,POPC,300,80.9856948852539,65.70846557617188,83.70089721679688
3736,cut3,3736,POPC,301,101.7470474243164,18.176591873168945,84.94969940185547
3736,cut3,3736,POPC,302,106.18701934814453,40.1419677734375,82.38397216796875
3736,cut3,3736,POPC,303,38.78367233276367,208.34710693359375,84.43687438964844
3736,cut3,3736,POPC,304,206.5736083984375,-3.088423013687134,89.21371459960938
3736,cut3,3736,POPC,305,5.8919677734375,79.77669525146484,92.57693481445312
3736,cut3,3736,POPC,306,194.31341552734375,122.54185485839844,85.16272735595703
3736,cut3,3736,POPC,307,204.00827026367188,54.27513885498047,90.9813003540039
3736,cut3,3736,POPC,308,202.79217529296875,172.4086151123047,84.3018569946289
3736,cut3,3736,POPC,309,202.8175506591797,3.3973000049591064,87.61087036132812
3736,cut3,3736,POPC,310,196.77230834960938,19.71981430053711,88.39472961425781
3736,cut3,3736,POPC,311,110.14671325683594,191.80735778808594,87.26548767089844
3736,cut3,3736,POPC,312,133.7023162841797,3.813629388809204,87.35820770263672
3736,cut3,3736,POPC,313,77.7413558959961,128.94126892089844,75.22274017333986
3736,cut3,3736,POPC,314,50.370399475097656,83.61085510253906,90.16522979736328
3736,cut3,3736,POPC,315,64.43463134765625,120.46087646484374,75.12157440185547
3736,cut3,3736,POPC,316,97.4408187866211,86.58919525146484,76.94189453125
3736,cut3,3736,POPC,317,13.272889137268066,49.2042121887207,91.57244873046875
3736,cut3,3736,POPC,318,111.71319580078125,197.40956115722656,90.54175567626953
3736,cut3,3736,POPC,319,64.93952941894531,81.63526153564453,90.18326568603516
3736,cut3,3736,POPC,320,194.75917053222656,204.82615661621094,86.03607940673828
3736,cut3,3736,POPC,321,36.95612716674805,30.25197982788086,90.96785736083984
3736,cut3,3736,POPC,322,46.872344970703125,169.8444061279297,84.67426300048828
3736,cut3,3736,POPC,323,22.36701202392578,12.44017505645752,86.99957275390625
3736,cut3,3736,POPC,324,175.47674560546875,217.111572265625,86.7886734008789
3736,cut3,3736,POPC,325,88.77586364746094,11.201050758361816,81.98486328125
3736,cut3,3736,POPC,326,25.8525390625,126.90812683105469,79.59434509277344
3736,cut3,3736,POPC,327,200.447509765625,191.24537658691406,86.71283721923828
3736,cut3,3736,POPC,328,190.3565216064453,67.93412017822266,89.92097473144531
3736,cut3,3736,POPC,329,86.09312438964844,19.29359245300293,84.4299545288086
3736,cut3,3736,POPC,330,25.685848236083984,40.033939361572266,94.7400894165039
3736,cut3,3736,POPC,331,6.749676704406738,84.95156860351561,90.87848663330078
3736,cut3,3736,POPC,332,102.443359375,217.8632049560547,90.35816955566406
3736,cut3,3736,POPC,333,140.01849365234375,67.13380432128906,68.8238525390625
3736,cut3,3736,POPC,334,32.91054153442383,67.34484100341797,90.79566192626953
3736,cut3,3736,POPC,335,168.4075775146484,0.9811737537384033,93.25646209716797
3736,cut3,3736,POPC,336,172.26109313964844,145.27169799804688,77.62677764892578
3736,cut3,3736,POPC,337,18.176040649414062,12.58379077911377,51.58125686645508
3736,cut3,3736,POPC,338,127.67350006103516,39.62862014770508,79.74149322509766
3736,cut3,3736,POPC,339,63.61867141723633,74.40034484863281,87.95467376708984
3736,cut3,3736,POPC,340,146.278076171875,163.3184356689453,74.91012573242188
3736,cut3,3736,POPC,341,193.2619171142578,180.70516967773438,83.521484375
3736,cut3,3736,POPC,342,74.26903533935547,23.360641479492188,82.64508819580078
3736,cut3,3736,POPC,343,143.19387817382812,120.26715087890625,77.36688232421875
3736,cut3,3736,POPC,344,100.83770751953125,34.65604782104492,82.56253814697266
3736,cut3,3736,POPC,345,114.80686950683594,202.44049072265625,91.33333587646484
3736,cut3,3736,POPC,346,51.23713684082031,46.42329406738281,86.93144226074219
3736,cut3,3736,POPC,347,11.443177223205566,170.7931671142578,84.03752899169922
3736,cut3,3736,POPC,348,165.98095703125,151.06350708007812,75.28740692138672
3736,cut3,3736,POPC,349,189.296875,117.7613525390625,85.15178680419922
3736,cut3,3736,POPC,350,132.74053955078125,157.1574249267578,70.07693481445312
3736,cut3,3736,POPC,351,152.37991333007812,183.17381286621094,77.21170043945312
3736,cut3,3736,POPC,352,22.570077896118164,149.4228057861328,76.5210952758789
3736,cut3,3736,POPC,353,60.25385665893555,200.67312622070312,85.00003814697266
3736,cut3,3736,POPC,354,126.83161163330078,113.41911315917969,75.10942077636719
3736,cut3,3736,POPC,355,54.13330078125,111.62938690185547,77.43864440917969
3736,cut3,3736,POPC,356,139.43276977539062,75.29483032226562,65.54986572265625
3736,cut3,3736,POPC,357,175.25291442871094,156.22390747070312,80.10504150390625
3736,cut3,3736,POPC,358,15.252009391784668,207.9384307861328,83.36862182617188
3736,cut3,3736,POPC,359,171.77760314941406,21.311031341552734,88.69513702392578
3736,cut3,3736,POPC,360,178.45858764648438,66.31727600097656,90.9423599243164
3736,cut3,3736,POPC,361,56.5761604309082,170.93072509765625,82.65819549560547
3736,cut3,3736,POPC,362,9.639689445495605,155.08261108398438,74.78672790527344
3736,cut3,3736,POPC,363,45.350345611572266,194.29144287109375,85.10920715332031
3736,cut3,3736,POPC,364,17.865699768066406,84.65921783447266,91.317626953125
3736,cut3,3736,POPC,365,19.62569808959961,6.004815101623535,90.14846801757812
3736,cut3,3736,POPC,366,122.17910003662111,60.12200164794922,71.15379333496094
3736,cut3,3736,POPC,367,121.3044662475586,89.38050079345703,69.7416763305664
3736,cut3,3736,POPC,368,154.24331665039062,172.77381896972656,79.73915100097656
3736,cut3,3736,POPC,369,9.198956489562988,36.105064392089844,90.90768432617188
3736,cut3,3736,POPC,370,185.6118927001953,57.58036804199219,89.49043273925781
3736,cut3,3736,POPC,371,156.2256622314453,165.21456909179688,79.8846435546875
3736,cut3,3736,POPC,372,44.95293045043945,46.152645111083984,89.0165786743164
3736,cut3,3736,POPC,373,12.7863187789917,119.73443603515625,80.23950958251953
3736,cut3,3736,POPC,374,157.03680419921875,144.67442321777344,76.25759887695312
3736,cut3,3736,POPC,375,127.27082061767578,64.27069091796875,69.34839630126953
3736,cut3,3736,POPC,376,24.36600112915039,52.04648208618164,93.33529663085938
3736,cut3,3736,POPC,377,95.00249481201172,122.78026580810547,80.58394622802734
3736,cut3,3736,POPC,378,198.88458251953125,41.674102783203125,90.3125228881836
3736,cut3,3736,POPC,379,157.8277130126953,19.4367618560791,86.11103057861328
3736,cut3,3736,POPC,380,183.77931213378906,16.365352630615234,91.75218200683594
3736,cut3,3736,POPC,381,38.863155364990234,163.82025146484375,83.58914947509766
3736,cut3,3736,POPC,382,30.179973602294922,169.1635284423828,81.13957977294922
3736,cut3,3736,POPC,383,105.49352264404297,51.94171142578125,80.39300537109375
3736,cut3,3736,POPC,384,163.93759155273438,119.20181274414062,36.80670166015625
3736,cut3,3736,POPC,385,34.32365798950195,140.2854766845703,76.10855102539062
3736,cut3,3736,POPC,386,9.432892799377441,217.0858917236328,86.5777359008789
3736,cut3,3736,POPC,387,122.2983169555664,128.51779174804688,71.70281219482422
3736,cut3,3736,POPC,388,181.90481567382812,218.2647247314453,86.39747619628906
3736,cut3,3736,POPC,389,22.340600967407227,73.7593002319336,88.71040344238281
3736,cut3,3736,POPC,390,177.46929931640625,176.39524841308594,84.96996307373047
3736,cut3,3736,POPC,391,132.452392578125,73.82627868652344,67.77369689941406
3736,cut3,3736,POPC,392,162.91159057617188,156.41488647460938,77.42542266845703
3736,cut3,3736,POPC,393,160.048095703125,173.5263671875,81.4385757446289
3736,cut3,3736,POPC,394,80.31880950927734,40.09195327758789,86.22900390625
3736,cut3,3736,POPC,395,112.86876678466797,61.79786682128906,70.9591293334961
3736,cut3,3736,POPC,396,106.09709930419922,150.93411254882812,75.51817321777344
3736,cut3,3736,POPC,397,112.61045837402344,5.793604850769043,89.38873291015625
3736,cut3,3736,POPC,398,213.9073028564453,36.723411560058594,90.65782165527344
3736,cut3,3736,POPC,399,58.37430953979492,58.02537536621094,87.94508361816406
3736,cut3,3736,POPC,400,147.8949737548828,47.075305938720696,77.84602355957031
3736,cut3,3736,POPC,401,151.75863647460938,8.6095609664917,90.6938705444336
3736,cut3,3736,POPC,402,155.41090393066403,221.67466735839844,99.8848648071289
3736,cut3,3736,POPC,403,72.66646575927734,31.19594955444336,81.67947387695312
3736,cut3,3736,POPC,404,68.88395690917969,206.0363006591797,81.39978790283205
3736,cut3,3736,POPC,405,102.1679458618164,121.05384826660156,78.92598724365234
3736,cut3,3736,POPC,406,46.71242141723633,222.13197326660156,85.7628173828125
3736,cut3,3736,POPC,407,67.9630126953125,1.3319056034088135,83.24491882324219
3736,cut3,3736,POPC,408,78.6516342163086,12.608439445495605,79.32859802246094
3736,cut3,3736,POPC,409,94.31021881103516,59.18150329589844,85.09923553466797
3736,cut3,3736,POPC,410,49.370460510253906,144.1920928955078,76.36638641357422
3736,cut3,3736,POPC,411,124.80229187011719,223.4500732421875,91.34832000732422
3736,cut3,3736,POPC,412,150.13204956054688,105.54499816894531,81.70006561279297
3736,cut3,3736,POPC,413,117.37110900878906,153.34710693359375,68.44358825683594
3736,cut3,3736,POPC,414,58.150020599365234,216.51051330566406,83.68636322021484
3736,cut3,3736,POPC,415,127.27965545654297,71.9887466430664,70.59739685058594
3736,cut3,3736,POPC,416,41.55391311645508,21.375534057617188,97.4037857055664
3736,cut3,3736,POPC,417,187.76696777343753,88.85493469238281,91.53535461425781
3736,cut3,3736,POPC,418,182.3248748779297,99.1108169555664,90.87190246582031
3736,cut3,3736,POPC,419,196.19001770019528,56.05146026611328,88.93657684326172
3736,cut3,3736,POPC,420,133.15647888183594,65.68144226074219,67.60507202148438
3736,cut3,3736,POPC,421,1.5994863510131836,11.093838691711428,87.83396911621094
3736,cut3,3736,POPC,422,188.87553405761716,95.092529296875,92.58705139160156
3736,cut3,3736,POPC,423,2.8237180709838867,166.66683959960938,78.59123229980469
3736,cut3,3736,POPC,424,39.28977966308594,13.031989097595215,91.38360595703125
3736,cut3,3736,POPC,425,142.34036254882812,147.42396545410156,77.3643569946289
3736,cut3,3736,POPC,426,7.770432472229004,27.796463012695312,94.34833526611328
3736,cut3,3736,POPC,427,182.29588317871094,190.1533966064453,87.39414978027344
3736,cut3,3736,POPC,428,154.2765350341797,137.569580078125,79.9638900756836
3736,cut3,3736,POPC,429,84.0834732055664,176.93020629882812,82.73904418945311
3736,cut3,3736,POPC,430,6.843428611755371,212.2272491455078,88.76664733886719
3736,cut3,3736,POPC,431,14.974446296691895,29.694679260253906,90.53424835205078
3736,cut3,3736,POPC,432,134.01693725585938,222.9066619873047,90.83169555664062
3736,cut3,3736,POPC,433,144.6531219482422,103.46556854248047,75.67882537841797
3736,cut3,3736,POPC,434,38.62068557739258,220.15890502929688,86.9403305053711
3736,cut3,3736,POPC,435,175.00897216796875,115.85649871826172,80.47885131835938
3736,cut3,3736,POPC,436,89.47016143798828,158.17620849609375,79.18644714355469
3736,cut3,3736,POPC,437,124.60472869873047,118.10713195800781,71.31553649902345
3736,cut3,3736,POPC,438,58.60884475708008,100.69084167480469,86.27692413330078
3736,cut3,3736,POPC,439,60.3140983581543,149.7292022705078,74.22671508789062
3736,cut3,3736,POPC,440,92.38705444335938,82.57698059082031,77.89376831054688
3736,cut3,3736,POPC,441,25.997909545898438,86.42727661132812,89.68225860595703
3736,cut3,3736,POPC,442,183.7359161376953,74.09337615966797,91.0784683227539
3736,cut3,3736,POPC,443,64.46387481689453,63.950965881347656,87.77979278564453
3736,cut3,3736,POPC,444,102.71968841552734,69.46492767333984,77.0964126586914
3736,cut3,3736,POPC,445,79.38870239257812,184.29061889648438,85.23258209228516
3736,cut3,3736,POPC,446,103.16862487792969,212.00497436523438,92.54735565185547
3736,cut3,3736,POPC,447,188.46058654785156,10.826592445373535,88.68609619140625
3736,cut3,3736,POPC,448,63.453365325927734,217.81866455078125,81.36469268798828
3736,cut3,3736,POPC,449,73.78706359863281,38.835975646972656,48.592613220214844
3736,cut3,3736,POPC,450,210.23143005371094,62.171852111816406,87.86451721191406
3736,cut3,3736,POPC,451,106.95084381103516,33.30579376220703,86.01599884033203
3736,cut3,3736,POPC,452,23.48682022094727,-0.36116862297058105,51.953853607177734
3736,cut3,3736,POPC,453,207.8752899169922,197.9097137451172,89.09964752197266
3736,cut3,3736,POPC,454,72.86863708496094,132.00209045410156,74.61891174316406
3736,cut3,3736,POPC,455,146.14891052246094,182.99038696289062,74.32135772705078
3736,cut3,3736,POPC,456,169.50338745117188,97.52691650390625,83.66876983642578
3736,cut3,3736,POPC,457,40.10067367553711,66.28357696533203,86.99464416503906
3736,cut3,3736,POPC,458,47.98408889770508,151.90110778808594,79.65231323242188
3736,cut3,3736,POPC,459,200.9205322265625,30.592334747314453,93.12953186035156
3736,cut3,3736,POPC,460,178.6844482421875,57.84864807128906,89.88992309570312
3736,cut3,3736,POPC,461,119.90003204345703,68.1703872680664,70.4007339477539
3736,cut3,3736,POPC,462,84.06858825683594,8.230950355529785,81.78775787353516
3736,cut3,3736,POPC,463,213.15933227539062,189.3442840576172,83.77986907958984
3736,cut3,3736,POPC,464,19.582372665405273,211.42857360839844,85.28466033935547
3736,cut3,3736,POPC,465,76.00775146484375,152.112548828125,82.23246765136719
3736,cut3,3736,POPC,466,15.21035099029541,16.759445190429688,88.16509246826172
3736,cut3,3736,POPC,467,21.650663375854492,131.1259765625,76.67981719970703
3736,cut3,3736,POPC,468,100.00035095214845,180.352294921875,79.919189453125
3736,cut3,3736,POPC,469,63.6283073425293,140.8941650390625,73.48635864257812
3736,cut3,3736,POPC,470,186.70401000976562,140.5237579345703,87.72113800048828
3736,cut3,3736,POPC,471,180.01593017578125,20.935667037963867,91.96568298339844
3736,cut3,3736,POPC,472,100.24120330810547,154.34292602539062,75.76953887939453
3736,cut3,3736,POPC,473,45.08265304565429,76.22285461425781,88.67823028564455
3736,cut3,3736,POPC,474,17.350461959838867,157.23573303222656,77.14817810058594
3736,cut3,3736,POPC,475,149.27232360839844,170.07334899902344,76.94342041015625
3736,cut3,3736,POPC,476,140.02662658691406,48.49095916748047,76.3637924194336
3736,cut3,3736,POPC,477,35.79077911376953,123.53087615966797,76.48568725585938
3736,cut3,3736,POPC,478,140.18080139160156,134.8775634765625,77.76651000976562
3736,cut3,3736,POPC,479,154.18896484375,190.8408966064453,82.34095764160156
3736,cut3,3736,POPC,480,171.44900512695312,125.32815551757812,81.6328353881836
3736,cut3,3736,POPC,481,43.90787124633789,5.899946212768555,88.32101440429688
3736,cut3,3736,POPC,482,65.9400405883789,176.91001892089844,82.828369140625
3736,cut3,3736,POPC,483,52.0145263671875,157.7041015625,83.18717193603514
3736,cut3,3736,POPC,484,59.34135055541992,92.21692657470703,89.04364013671875
3736,cut3,3736,POPC,485,58.1351203918457,122.53890228271484,76.23309326171875
3736,cut3,3736,POPC,486,166.8516082763672,6.894024848937988,91.85636138916016
3736,cut3,3736,POPC,487,54.11268997192383,176.71530151367188,85.1859130859375
3736,cut3,3736,POPC,488,67.10369110107422,186.92457580566406,85.18472290039062
3736,cut3,3736,POPC,489,82.79093170166016,153.5236358642578,78.75119018554688
3736,cut3,3736,POPC,490,158.33384704589844,116.29700469970703,79.76903533935547
3736,cut3,3736,POPC,491,160.97265625,192.46759033203125,81.70437622070312
3736,cut3,3736,POPC,492,120.89012908935547,38.829559326171875,38.534236907958984
3736,cut3,3736,POPC,493,58.8888053894043,79.64891052246094,89.90485382080077
3736,cut3,3736,POPC,494,22.54547882080078,-0.21858574450016022,89.98461151123047
3736,cut3,3736,POPC,495,126.4042739868164,158.45875549316406,69.57294464111328
3736,cut3,3736,POPC,496,132.61866760253906,21.82866668701172,83.21997833251953
3736,cut3,3736,POPC,497,113.30720520019531,211.1459197998047,91.83650207519531
3736,cut3,3736,POPC,498,121.7792739868164,209.58546447753906,89.00820922851562
3736,cut3,3736,POPC,499,33.938331604003906,204.96859741210938,86.08919525146484
3736,cut3,3736,POPC,500,90.28240966796876,33.36422348022461,87.89774322509766
3736,cut3,3736,POPC,501,53.99284744262695,138.69801330566406,74.40508270263672
3736,cut3,3736,POPC,502,159.4224395751953,151.24571228027344,77.55770111083984
3736,cut3,3736,POPC,503,117.04814910888672,51.84654235839844,73.27593994140625
3736,cut3,3736,POPC,504,21.482107162475586,140.869873046875,73.7299575805664
3736,cut3,3736,POPC,505,118.86085510253906,42.696720123291016,77.63355255126953
3736,cut3,3736,POPC,506,99.46593475341797,39.96681213378906,81.96588897705078
3736,cut3,3736,POPC,507,178.96990966796875,30.815429687499996,89.8532943725586
3736,cut3,3736,POPC,508,126.28060150146484,132.6448974609375,73.0194091796875
3736,cut3,3736,POPC,509,210.54298400878906,156.00889587402344,82.86080169677734
3736,cut3,3736,POPC,510,50.89069747924805,74.9407730102539,90.92154693603516
3736,cut3,3736,POPC,511,170.5469512939453,74.8189926147461,89.32286071777344
3736,cut3,3736,POPC,512,90.29219055175781,199.98712158203125,84.44711303710938
3736,cut3,3736,POPC,513,94.22151947021484,212.8462371826172,88.65411376953125
3736,cut3,3736,POPC,514,80.08440399169922,45.81657028198242,87.66637420654297
3736,cut3,3736,POPC,515,162.7226104736328,-0.3487727642059326,95.39812469482422
3736,cut3,3736,POPC,516,175.2509307861328,102.5211410522461,84.93304443359375
3736,cut3,3736,POPC,517,85.9974594116211,-0.4482686519622803,81.20524597167969
3736,cut3,3736,POPC,518,1.7925233840942383,25.700027465820312,95.49225616455078
3736,cut3,3736,POPC,519,44.976158142089844,11.813673973083496,91.02606964111328
3736,cut3,3736,POPC,520,117.52681732177734,84.94639587402344,70.16527557373047
3736,cut3,3736,POPC,521,61.31709671020508,26.098995208740234,83.55784606933594
3736,cut3,3736,POPC,522,4.826226234436035,2.6041347980499268,90.05776977539062
3736,cut3,3736,POPC,523,206.48550415039062,186.6103057861328,82.48939514160156
3736,cut3,3736,POPC,524,214.0900115966797,215.8090362548828,87.2138900756836
3736,cut3,3736,POPC,525,186.355712890625,149.50143432617188,85.57953643798828
3736,cut3,3736,POPC,526,23.643062591552734,33.90229415893555,92.93157196044922
3736,cut3,3736,POPC,527,46.43765640258789,202.6221160888672,84.4901351928711
3736,cut3,3736,POPC,528,210.5672149658203,55.63764953613281,89.62874603271484
3736,cut3,3736,POPC,529,3.5778112411499023,74.8626708984375,94.04705810546875
3736,cut3,3736,POPC,530,177.75888061523438,94.61961364746094,89.16573333740234
3736,cut3,3736,POPC,531,175.9813995361328,14.977017402648926,90.69871520996094
3736,cut3,3736,POPC,532,133.5404052734375,41.248291015625,80.47368621826172
3736,cut3,3736,POPC,533,73.41512298583984,185.3503875732422,86.26834106445312
3736,cut3,3736,POPC,534,50.20271682739258,39.069053649902344,88.51904296875
3736,cut3,3736,POPC,535,97.83993530273438,65.93525695800781,79.20054626464844
3736,cut3,3736,POPC,536,166.63804626464844,15.211514472961426,89.63314056396484
3736,cut3,3736,POPC,537,92.93932342529297,141.37413024902347,78.13475036621094
3736,cut3,3736,POPC,538,59.178104400634766,131.38035583496094,75.6474609375
3736,cut3,3736,POPC,539,124.6540756225586,45.18498229980469,75.91073608398438
3736,cut3,3736,POPC,540,70.43920898437501,67.43526458740234,87.23291015625
3736,cut3,3736,POPC,541,125.47663879394531,55.110137939453125,72.4524917602539
3736,cut3,3736,POPC,542,165.4359130859375,219.1035919189453,94.54065704345703
3736,cut3,3736,POPC,543,51.579681396484375,33.6154670715332,87.92208862304688
3736,cut3,3736,POPC,544,108.29679107666016,91.97505950927734,79.16931915283203
3736,cut3,3736,POPC,545,196.08734130859375,198.64657592773438,86.73329162597656
3736,cut3,3736,POPC,546,215.84463500976562,207.0297393798828,87.16292572021484
3736,cut3,3736,POPC,547,84.49895477294922,91.06241607666017,79.45330047607422
3736,cut3,3736,POPC,548,68.42556762695312,167.67938232421875,80.37905883789062
3736,cut3,3736,POPC,549,188.49964904785156,202.34994506835938,85.74201202392578
3736,cut3,3736,POPC,550,93.7224349975586,152.56309509277344,77.39866638183594
3736,cut3,3736,POPC,551,82.38697052001953,122.60869598388672,69.61615753173828
3736,cut3,3736,POPC,552,41.20626449584961,129.97293090820312,78.15706634521484
3736,cut3,3736,POPC,553,46.31464767456055,59.37944793701172,86.54154205322266
3736,cut3,3736,POPC,554,204.9745330810547,12.168971061706543,87.4392318725586
3736,cut3,3736,POPC,555,5.274273872375488,158.2244873046875,73.1407470703125
3736,cut3,3736,POPC,556,53.78095245361328,95.17411804199219,52.64884567260742
3736,cut3,3736,POPC,557,107.80308532714844,224.39987182617188,91.51581573486328
3736,cut3,3736,POPC,558,55.78007125854492,20.9190616607666,88.01309967041016
3736,cut3,3736,POPC,559,205.6750946044922,79.99927520751953,90.6917724609375
3736,cut3,3736,POPC,560,151.51522827148438,116.75560760498047,79.77088928222656
3736,cut3,3736,POPC,561,96.96115112304688,187.0878143310547,83.01020050048828
3736,cut3,3736,POPC,562,183.11793518066406,105.51304626464844,86.2679443359375
3736,cut3,3736,POPC,563,32.51853942871094,110.77989959716797,79.3041000366211
3736,cut3,3736,POPC,564,123.4981918334961,163.44056701660156,73.7323989868164
3736,cut3,3736,POPC,565,75.38062286376953,211.40640258789062,80.81446838378906
3736,cut3,3736,POPC,566,183.15901184082028,182.75901794433594,89.5353012084961
3736,cut3,3736,POPC,567,188.08070373535156,81.06009674072266,52.548866271972656
3736,cut3,3736,POPC,568,46.75808334350586,52.828041076660156,85.74969482421874
3736,cut3,3736,POPC,569,85.11750030517578,28.079105377197266,87.70130920410156
3736,cut3,3736,POPC,570,176.25491333007812,84.67768096923828,90.03205108642578
3736,cut3,3736,POPC,571,214.91265869140625,127.89293670654297,84.51473236083984
3736,cut3,3736,POPC,572,213.93267822265625,200.6227569580078,85.45362091064453
3736,cut3,3736,POPC,573,29.447879791259766,162.33851623535156,76.31454467773438
3736,cut3,3736,POPC,574,50.4815788269043,123.92520141601562,78.14698791503906
3736,cut3,3736,POPC,575,104.086669921875,34.66653060913086,42.4251823425293
3736,cut3,3736,POPC,576,81.8086929321289,83.89069366455078,86.00259399414062
3736,cut3,3736,POPC,577,22.275856018066406,199.10304260253906,81.02465057373047
3736,cut3,3736,POPC,578,56.43230056762695,190.97308349609375,86.01913452148438
3736,cut3,3736,POPC,579,145.49664306640625,190.36798095703125,75.11053466796875
3736,cut3,3736,POPC,580,162.1282196044922,93.11331176757812,85.96443176269531
3736,cut3,3736,POPC,581,24.228557586669922,111.91459655761719,78.41452026367188
3736,cut3,3736,POPC,582,208.72445678710938,172.693115234375,80.08595275878906
3736,cut3,3736,POPC,583,158.94644165039062,110.6955795288086,82.88678741455078
3736,cut3,3736,POPC,584,114.9620590209961,15.322697639465332,87.15645599365234
3736,cut3,3736,POPC,585,131.58204650878906,15.973183631896973,88.30399322509766
3736,cut3,3736,POPC,586,9.216109275817871,17.00835418701172,87.8851089477539
3736,cut3,3736,POPC,587,-0.7435532212257385,224.27792358398438,89.46014404296875
3736,cut3,3736,POPC,588,7.5253705978393555,194.89698791503906,83.6166000366211
3736,cut3,3736,POPC,589,72.89363098144531,158.5792236328125,77.36384582519531
3736,cut3,3736,POPC,590,37.776737213134766,0.3707268238067627,89.06332397460938
3736,cut3,3736,POPC,591,82.42749786376953,147.3071746826172,78.2282943725586
3736,cut3,3736,POPC,592,91.1112060546875,218.91111755371094,85.36023712158203
3736,cut3,3736,POPC,593,44.31692123413086,176.3968505859375,85.81645202636717
3736,cut3,3736,POPC,594,31.600448608398438,215.3741912841797,49.0805549621582
3736,cut3,3736,POPC,595,142.43238830566406,155.8147430419922,72.93456268310547
3736,cut3,3736,POPC,596,26.619720458984375,193.6602783203125,79.71297454833984
3736,cut3,3736,POPC,597,70.04732513427734,219.34703063964844,81.36687469482422
3736,cut3,3736,POPC,598,47.95561599731445,209.5152130126953,85.52991485595703
3736,cut3,3736,POPC,599,43.74939727783203,214.63827514648438,87.17497253417969
3736,cut3,3736,POPC,600,39.809162139892585,141.37939453125,78.74212646484375
3736,cut3,3736,POPC,601,39.7136116027832,192.0568389892578,83.8740005493164
3736,cut3,3736,POPC,602,87.97119903564453,132.1487579345703,78.27429962158203
3736,cut3,3736,POPC,603,36.32904052734375,79.8672866821289,88.60607147216797
3736,cut3,3736,POPC,604,33.934150695800774,213.5248260498047,87.85897827148438
3736,cut3,3736,POPC,605,105.37451171875,96.33546447753906,82.55152130126953
3736,cut3,3736,POPC,606,170.5139923095703,172.5764923095703,83.74066925048828
3736,cut3,3736,POPC,607,124.19033813476562,170.4859619140625,71.62367248535158
3736,cut3,3736,POPC,608,129.953857421875,94.35407257080078,35.53592300415039
3736,cut3,3736,POPC,609,209.577880859375,50.920684814453125,51.14055633544922
3736,cut3,3736,POPC,610,98.80755615234375,177.37994384765622,39.57583999633789
3736,cut3,3736,POPC,611,186.191650390625,157.192626953125,48.59235382080078
3736,cut3,3736,POPC,612,43.41325759887695,69.29401397705078,56.59231185913086
3736,cut3,3736,POPC,613,170.08001708984375,178.66844177246094,47.59171676635742
3736,cut3,3736,POPC,614,151.2000274658203,133.30661010742188,38.180503845214844
3736,cut3,3736,POPC,615,153.55381774902344,6.1801557540893555,54.58082580566406
3736,cut3,3736,POPC,616,175.48052978515625,-3.189164876937866,49.685394287109375
3736,cut3,3736,POPC,617,107.59447479248047,188.5074920654297,46.44011306762695
3736,cut3,3736,POPC,618,77.06139373779297,161.89674377441406,40.23903274536133
3736,cut3,3736,POPC,619,30.285675048828125,46.66904830932617,53.96394348144531
3736,cut3,3736,POPC,620,-0.7157936692237854,203.4606475830078,45.36207580566406
3736,cut3,3736,POPC,621,182.67189025878906,212.31716918945312,49.82737350463867
3736,cut3,3736,POPC,622,80.37100219726562,35.84767532348633,43.0576057434082
3736,cut3,3736,POPC,623,29.507694244384766,18.209754943847656,54.507503509521484
3736,cut3,3736,POPC,624,15.94777774810791,77.4032211303711,52.88762664794922
3736,cut3,3736,POPC,625,-0.7082644104957581,175.6142578125,40.0590934753418
3736,cut3,3736,POPC,626,53.04711151123047,37.234619140625,49.26179885864258
3736,cut3,3736,POPC,627,196.5255889892578,130.66209411621094,44.116058349609375
3736,cut3,3736,POPC,628,122.52664947509766,207.7514190673828,50.04664993286133
3736,cut3,3736,POPC,629,179.18643188476562,189.86012268066406,49.86502456665039
3736,cut3,3736,POPC,630,191.13894653320312,108.78567504882812,47.27900314331055
3736,cut3,3736,POPC,631,190.64634704589844,160.92906188964844,48.45375061035156
3736,cut3,3736,POPC,632,30.295391082763672,225.3843994140625,50.62106704711915
3736,cut3,3736,POPC,633,10.88183879852295,213.4410400390625,48.93074417114258
3736,cut3,3736,POPC,634,70.8039321899414,214.18287658691406,43.42100524902344
3736,cut3,3736,POPC,635,63.58781051635742,156.51417541503906,42.43423080444336
3736,cut3,3736,POPC,636,30.193187713623047,144.00270080566406,34.86594009399414
3736,cut3,3736,POPC,637,91.14002227783203,114.63107299804688,46.90848922729492
3736,cut3,3736,POPC,638,61.95515060424805,37.57329559326172,49.948219299316406
3736,cut3,3736,POPC,639,97.96340179443358,33.7910270690918,42.10624313354492
3736,cut3,3736,POPC,640,197.75778198242188,9.337334632873535,47.49332046508789
3736,cut3,3736,POPC,641,204.0611572265625,125.64895629882812,49.95796203613281
3736,cut3,3736,POPC,642,204.53158569335938,143.74642944335938,52.86800003051758
3736,cut3,3736,POPC,643,42.79903793334961,36.26699447631836,47.9042854309082
3736,cut3,3736,POPC,644,183.13560485839844,17.402862548828125,51.337005615234375
3736,cut3,3736,POPC,645,130.67555236816406,147.1088104248047,31.60930633544922
3736,cut3,3736,POPC,646,191.1185302734375,53.0411262512207,50.27706527709961
3736,cut3,3736,POPC,647,199.02850341796875,100.60142517089844,51.34572219848633
3736,cut3,3736,POPC,648,51.96385955810547,48.41145706176758,47.4625358581543
3736,cut3,3736,POPC,649,200.2852325439453,138.23043823242188,45.586273193359375
3736,cut3,3736,POPC,650,170.5867919921875,21.14344596862793,54.11580276489258
3736,cut3,3736,POPC,651,-0.7543268799781799,193.46990966796875,40.68212890625
3736,cut3,3736,POPC,652,100.43046569824219,191.1426544189453,43.927337646484375
3736,cut3,3736,POPC,653,35.662235260009766,71.2345962524414,53.35362243652344
3736,cut3,3736,POPC,654,187.12417602539062,129.2863311767578,42.33099365234375
3736,cut3,3736,POPC,655,63.75893783569336,-0.08596206456422806,42.791011810302734
3736,cut3,3736,POPC,656,59.55544662475586,213.0680694580078,44.34294891357422
3736,cut3,3736,POPC,657,77.92424774169922,201.77056884765625,45.37969207763672
3736,cut3,3736,POPC,658,157.43951416015625,112.68758392333984,34.15188980102539
3736,cut3,3736,POPC,659,119.76882934570312,63.15141296386719,35.94277572631836
3736,cut3,3736,POPC,660,201.85391235351562,203.94717407226562,47.3332405090332
3736,cut3,3736,POPC,661,101.1527328491211,127.0376205444336,43.534873962402344
3736,cut3,3736,POPC,662,63.62765121459961,58.00501251220703,48.749996185302734
3736,cut3,3736,POPC,663,52.126953125,176.46409606933594,51.37845230102539
3736,cut3,3736,POPC,664,41.38793182373047,23.878036499023438,49.10869216918945
3736,cut3,3736,POPC,665,82.57022094726562,2.4607861042022705,43.84651184082031
3736,cut3,3736,POPC,666,77.82633209228516,168.2589111328125,41.06126403808594
3736,cut3,3736,POPC,667,70.98535919189453,170.94346618652344,43.754989624023445
3736,cut3,3736,POPC,668,94.6335678100586,13.7706937789917,44.68637466430664
3736,cut3,3736,POPC,669,123.51732635498047,137.23492431640625,35.26222610473633
3736,cut3,3736,POPC,670,25.527950286865234,205.26197814941406,45.78044891357422
3736,cut3,3736,POPC,671,16.613197326660156,147.1143798828125,39.056766510009766
3736,cut3,3736,POPC,672,200.1901397705078,154.64918518066406,48.5378532409668
3736,cut3,3736,POPC,673,51.005706787109375,210.3721160888672,48.917884826660156
3736,cut3,3736,POPC,674,184.88241577148438,26.548675537109375,51.091007232666016
3736,cut3,3736,POPC,675,34.272220611572266,39.397438049316406,51.05815887451172
3736,cut3,3736,POPC,676,154.97943115234375,168.04861450195312,41.42831802368164
3736,cut3,3736,POPC,677,8.65310001373291,42.13713836669922,53.55545425415039
3736,cut3,3736,POPC,678,36.395225524902344,62.15027618408203,56.905372619628906
3736,cut3,3736,POPC,679,78.02061462402344,46.25790023803711,47.25485610961914
3736,cut3,3736,POPC,680,131.9878387451172,224.73822021484375,54.393619537353516
3736,cut3,3736,POPC,681,67.5810775756836,40.38062286376953,50.7620849609375
3736,cut3,3736,POPC,682,89.83629608154297,166.13006591796875,39.528587341308594
3736,cut3,3736,POPC,683,72.26937866210938,143.51242065429688,75.35638427734375
3736,cut3,3736,POPC,684,206.38088989257812,216.02792358398438,50.034236907958984
3736,cut3,3736,POPC,685,175.86407470703125,8.596085548400879,49.44292449951172
3736,cut3,3736,POPC,686,49.611083984375,84.14456939697266,55.008182525634766
3736,cut3,3736,POPC,687,127.98130798339844,6.053681373596191,53.050201416015625
3736,cut3,3736,POPC,688,76.94815063476562,215.4736328125,44.71665573120117
3736,cut3,3736,POPC,689,5.261892318725586,34.82503890991211,51.465003967285156
3736,cut3,3736,POPC,690,94.04496765136719,201.32298278808594,47.20123291015625
3736,cut3,3736,POPC,691,3.811433792114258,10.262518882751465,48.66440963745117
3736,cut3,3736,POPC,692,36.86178207397462,221.07366943359375,47.91939926147461
3736,cut3,3736,POPC,693,16.32526206970215,222.9901885986328,49.31578826904297
3736,cut3,3736,POPC,694,112.95471954345703,190.34426879882812,50.53104400634765
3736,cut3,3736,POPC,695,116.37667083740234,85.32975769042969,32.60198211669922
3736,cut3,3736,POPC,696,126.48757934570312,152.9681854248047,36.159423828125
3736,cut3,3736,POPC,697,87.02532958984375,5.767935752868652,44.70488357543945
3736,cut3,3736,POPC,698,181.49942016601565,129.02911376953125,41.4268798828125
3736,cut3,3736,POPC,699,49.249794006347656,2.805534601211548,45.711055755615234
3736,cut3,3736,POPC,700,80.91816711425781,220.4565887451172,44.62316131591797
3736,cut3,3736,POPC,701,19.748350143432617,23.736095428466797,55.3707275390625
3736,cut3,3736,POPC,702,127.22921752929688,212.02227783203125,54.02473831176758
3736,cut3,3736,POPC,703,89.75790405273438,218.9257049560547,43.66389846801758
3736,cut3,3736,POPC,704,57.21390151977539,180.9490509033203,48.04866027832031
3736,cut3,3736,POPC,705,158.2586669921875,221.57241821289062,54.20183563232422
3736,cut3,3736,POPC,706,194.83236694335938,114.11808013916016,49.78885269165039
3736,cut3,3736,POPC,707,85.52991485595703,201.19407653808594,47.73513412475586
3736,cut3,3736,POPC,708,23.758766174316406,19.07863426208496,56.21076583862305
3736,cut3,3736,POPC,709,150.18199157714844,149.54383850097656,32.73004150390625
3736,cut3,3736,POPC,710,209.15509033203125,187.7704620361328,40.56230545043945
3736,cut3,3736,POPC,711,112.91814422607422,197.73167419433594,46.91896438598633
3736,cut3,3736,POPC,712,7.288094520568848,87.18461608886719,51.872413635253906
3736,cut3,3736,POPC,713,114.7733383178711,9.40021800994873,47.13673400878906
3736,cut3,3736,POPC,714,110.79299926757812,214.8245391845703,48.50657272338867
3736,cut3,3736,POPC,715,81.30226135253906,173.52731323242188,37.51203155517578
3736,cut3,3736,POPC,716,81.33328247070312,158.38406372070315,36.501792907714844
3736,cut3,3736,POPC,717,187.4098358154297,188.70570373535156,45.67696762084961
3736,cut3,3736,POPC,718,135.1722869873047,38.6145133972168,39.349945068359375
3736,cut3,3736,POPC,719,102.58499908447266,213.05093383789062,46.69786071777344
3736,cut3,3736,POPC,720,129.3997802734375,66.21814727783205,37.66453170776367
3736,cut3,3736,POPC,721,103.19597625732422,222.83900451660156,40.202301025390625
3736,cut3,3736,POPC,722,40.11235809326172,4.915663719177246,50.776119232177734
3736,cut3,3736,POPC,723,29.305763244628903,71.07096099853516,52.143226623535156
3736,cut3,3736,POPC,724,196.82962036132812,161.43211364746094,47.2241325378418
3736,cut3,3736,POPC,725,200.39820861816406,178.83306884765625,43.719669342041016
3736,cut3,3736,POPC,726,70.97799682617188,73.3611068725586,46.18852996826172
3736,cut3,3736,POPC,727,178.6211395263672,196.02267456054688,50.31611251831055
3736,cut3,3736,POPC,728,68.88414764404297,136.57086181640625,40.88934326171875
3736,cut3,3736,POPC,729,32.02072525024414,54.77915954589844,55.241973876953125
3736,cut3,3736,POPC,730,148.1092529296875,104.16020965576172,32.85957336425781
3736,cut3,3736,POPC,731,5.658628463745117,218.9033966064453,50.559268951416016
3736,cut3,3736,POPC,732,4.683327674865723,24.401958465576172,52.29009628295898
3736,cut3,3736,POPC,733,175.3174285888672,153.55364990234375,48.32810974121094
3736,cut3,3736,POPC,734,15.623799324035645,39.39337921142578,52.80477523803711
3736,cut3,3736,POPC,735,40.14391326904297,51.96269607543945,44.510440826416016
3736,cut3,3736,POPC,736,73.7513656616211,153.09716796875,37.2370491027832
3736,cut3,3736,POPC,737,59.903934478759766,173.32992553710938,47.68687057495117
3736,cut3,3736,POPC,738,79.44331359863281,70.49008178710938,46.2290153503418
3736,cut3,3736,POPC,739,21.30635643005371,182.98426818847656,42.192264556884766
3736,cut3,3736,POPC,740,163.1016845703125,126.55977630615234,37.51226806640625
3736,cut3,3736,POPC,741,170.1302032470703,144.55654907226562,43.733882904052734
3736,cut3,3736,POPC,742,85.87956237792969,13.455567359924316,47.25493621826172
3736,cut3,3736,POPC,743,201.5782928466797,71.32389831542969,53.00619125366211
3736,cut3,3736,POPC,744,10.671116828918457,32.29081344604492,51.78733825683594
3736,cut3,3736,POPC,745,58.5644416809082,53.06452560424805,49.24244689941406
3736,cut3,3736,POPC,746,73.01864624023438,49.19590377807617,48.48759841918946
3736,cut3,3736,POPC,747,166.66944885253906,133.4443359375,37.574806213378906
3736,cut3,3736,POPC,748,74.24445343017578,12.10050106048584,44.73098373413086
3736,cut3,3736,POPC,749,188.33871459960938,117.0006332397461,44.386192321777344
3736,cut3,3736,POPC,750,65.00442504882812,140.84747314453125,43.10203552246094
3736,cut3,3736,POPC,751,134.987548828125,214.5499267578125,55.69257354736328
3736,cut3,3736,POPC,752,141.77088928222656,147.5804443359375,34.67910385131836
3736,cut3,3736,POPC,753,66.1959228515625,148.7611846923828,40.19941329956055
3736,cut3,3736,POPC,754,91.3858871459961,212.64596557617188,46.940616607666016
3736,cut3,3736,POPC,755,175.10601806640625,60.57743835449219,49.156288146972656
3736,cut3,3736,POPC,756,45.06183624267578,52.36050033569336,47.23627471923828
3736,cut3,3736,POPC,757,91.26448822021484,0.4996073246002197,43.82255935668945
3736,cut3,3736,POPC,758,180.23428344726562,80.02542114257812,49.16304016113281
3736,cut3,3736,POPC,759,49.73957061767578,219.76109313964844,45.42287063598633
3736,cut3,3736,POPC,760,61.58377456665039,184.1611328125,43.45453643798828
3736,cut3,3736,POPC,761,129.1040802001953,20.875425338745117,48.99479293823242
3736,cut3,3736,POPC,762,106.04791259765625,49.86326599121094,40.749263763427734
3736,cut3,3736,POPC,763,73.33931732177734,83.90262603759766,47.29521942138672
3736,cut3,3736,POPC,764,95.22787475585938,66.64319610595703,46.59680938720703
3736,cut3,3736,POPC,765,127.72789764404297,52.3874626159668,36.67924118041992
3736,cut3,3736,POPC,766,58.186153411865234,44.769866943359375,49.39429473876953
3736,cut3,3736,POPC,767,175.52053833007812,69.54953002929686,48.61137390136719
3736,cut3,3736,POPC,768,64.88461303710938,196.63719177246094,46.49294662475586
3736,cut3,3736,POPC,769,16.64625358581543,213.0296630859375,50.388912200927734
3736,cut3,3736,POPC,770,107.59231567382812,74.09539031982422,36.77693557739258
3736,cut3,3736,POPC,771,89.85609436035156,207.92247009277344,51.769893646240234
3736,cut3,3736,POPC,772,36.35954284667969,29.688461303710938,49.63798141479492
3736,cut3,3736,POPC,773,153.3131103515625,154.1234893798828,32.78334045410156
3736,cut3,3736,POPC,774,208.26473999023438,29.206809997558594,50.7354621887207
3736,cut3,3736,POPC,775,205.31982421875,12.938969612121582,47.279205322265625
3736,cut3,3736,POPC,776,165.58570861816406,219.1193389892578,56.49289321899414
3736,cut3,3736,POPC,777,203.73916625976562,196.60238647460938,47.11284637451172
3736,cut3,3736,POPC,778,49.79854965209961,195.7191619873047,44.681575775146484
3736,cut3,3736,POPC,779,180.4545135498047,69.39598083496094,51.49788284301758
3736,cut3,3736,POPC,780,107.2431411743164,7.780949592590332,44.63079833984375
3736,cut3,3736,POPC,781,207.62692260742188,35.314998626708984,49.57985305786133
3736,cut3,3736,POPC,782,33.14302062988281,131.59983825683594,38.89693832397461
3736,cut3,3736,POPC,783,211.1531524658203,17.937782287597656,47.871761322021484
3736,cut3,3736,POPC,784,64.60791015625,219.2318115234375,43.45177078247071
3736,cut3,3736,POPC,785,69.20587158203125,165.6376495361328,40.60248565673828
3736,cut3,3736,POPC,786,8.31929874420166,187.6164855957031,42.45576477050781
3736,cut3,3736,POPC,787,107.59513092041016,102.37469482421875,37.66335678100586
3736,cut3,3736,POPC,788,34.39892578125,111.13361358642578,48.62294387817383
3736,cut3,3736,POPC,789,176.37155151367188,178.37522888183594,48.02937316894531
3736,cut3,3736,POPC,790,11.977509498596191,134.25994873046875,51.322601318359375
3736,cut3,3736,POPC,791,47.58930587768555,11.173958778381348,45.96269989013672
3736,cut3,3736,POPC,792,27.328369140625,144.25743103027344,75.51121520996094
3736,cut3,3736,POPC,793,26.348064422607422,219.4298553466797,51.71332931518555
3736,cut3,3736,POPC,794,43.9285888671875,30.661823272705078,49.34056091308594
3736,cut3,3736,POPC,795,175.20721435546875,124.7249755859375,40.87559127807617
3736,cut3,3736,POPC,796,178.52035522460938,94.92850494384766,46.87763214111328
3736,cut3,3736,POPC,797,59.95564651489258,149.66458129882812,47.541404724121094
3736,cut3,3736,POPC,798,192.28208923339844,15.80225658416748,48.879066467285156
3736,cut3,3736,POPC,799,181.35997009277344,50.01724624633789,50.311588287353516
3736,cut3,3736,POPC,800,141.18841552734375,138.06591796875,34.30450439453126
3736,cut3,3736,POPC,801,29.51321029663086,195.45672607421875,45.15052795410156
3736,cut3,3736,POPC,802,68.81702423095703,29.617301940917972,48.76871109008789
3736,cut3,3736,POPC,803,15.506993293762207,88.5747299194336,50.736881256103516
3736,cut3,3736,POPC,804,54.29804992675781,186.82608032226562,44.77252960205078
3736,cut3,3736,POPC,805,188.94766235351562,32.50938415527344,51.25377655029297
3736,cut3,3736,POPC,806,2.163827896118164,199.00762939453125,41.299076080322266
3736,cut3,3736,POPC,807,97.93902587890625,60.68439483642578,41.306392669677734
3736,cut3,3736,POPC,808,134.5956268310547,10.848040580749512,51.121803283691406
3736,cut3,3736,POPC,809,79.23401641845703,193.2834014892578,44.53508377075195
3736,cut3,3736,POPC,810,81.85067749023438,184.50209045410156,43.96266555786133
3736,cut3,3736,POPC,811,40.915424346923835,206.62066650390625,45.38652420043945
3736,cut3,3736,POPC,812,88.7327651977539,43.3994026184082,45.19508361816406
3736,cut3,3736,POPC,813,194.27569580078125,211.230712890625,48.406436920166016
3736,cut3,3736,POPC,814,91.12879180908203,194.6751708984375,43.0101432800293
3736,cut3,3736,POPC,815,175.73797607421875,18.776947021484375,52.03661346435547
3736,cut3,3736,POPC,816,207.67222595214844,97.06226348876953,58.473060607910156
3736,cut3,3736,POPC,817,13.783856391906738,68.91887664794922,55.87808609008789
3736,cut3,3736,POPC,818,7.591765403747559,58.85154724121094,52.08015823364258
3736,cut3,3736,POPC,819,198.94923400878906,214.11106872558594,49.289649963378906
3736,cut3,3736,POPC,820,100.76691436767578,42.82807159423828,40.60765075683594
3736,cut3,3736,POPC,821,4.291996955871583,53.40372085571289,53.126312255859375
3736,cut3,3736,POPC,822,117.48773956298828,222.5484619140625,48.97090530395508
3736,cut3,3736,POPC,823,165.67230224609375,171.96177673339844,45.20353698730469
3736,cut3,3736,POPC,824,213.77279663085938,77.24064636230469,53.79988098144531
3736,cut3,3736,POPC,825,122.52915954589844,84.62651824951172,31.227577209472656
3736,cut3,3736,POPC,826,39.11174774169922,181.1636962890625,45.24007797241211
3736,cut3,3736,POPC,827,64.38972473144531,202.0629119873047,46.122135162353516
3736,cut3,3736,POPC,828,59.060054779052734,207.09986877441406,44.80919647216797
3736,cut3,3736,POPC,829,51.471900939941406,138.18260192871094,39.73089599609375
3736,cut3,3736,POPC,830,193.068359375,144.68743896484375,47.52461242675781
3736,cut3,3736,POPC,831,45.48322677612305,82.05664825439453,53.47560501098633
3736,cut3,3736,POPC,832,49.921077728271484,69.70222473144531,57.123016357421875
3736,cut3,3736,POPC,833,18.082157135009766,67.62091064453125,52.07744598388672
3736,cut3,3736,POPC,834,14.332404136657715,154.76918029785156,35.27482223510742
3736,cut3,3736,POPC,835,16.795896530151367,156.91046142578125,40.94889831542969
3736,cut3,3736,POPC,836,53.66870880126953,168.2702484130859,45.59562301635742
3736,cut3,3736,POPC,837,204.86434936523438,182.98785400390625,41.54752731323242
3736,cut3,3736,POPC,838,197.67100524902344,147.37185668945312,50.54154586791992
3736,cut3,3736,POPC,839,75.97332763671875,136.09190368652344,41.59730911254883
3736,cut3,3736,POPC,840,61.14287185668945,134.70127868652344,40.65738296508789
3736,cut3,3736,POPC,841,95.92525482177734,207.25357055664062,50.42405700683594
3736,cut3,3736,POPC,842,107.85211181640625,30.784320831298828,43.229244232177734
3736,cut3,3736,POPC,843,113.17423248291016,24.941879272460938,43.596282958984375
3736,cut3,3736,POPC,844,148.41009521484375,119.15519714355467,35.45124053955078
3736,cut3,3736,POPC,845,50.24723815917969,143.7775115966797,45.749820709228516
3736,cut3,3736,POPC,846,47.57954788208008,18.905101776123047,48.48590850830078
3736,cut3,3736,POPC,847,97.76652526855469,97.40748596191406,40.43766403198242
3736,cut3,3736,POPC,848,47.0255012512207,204.62387084960938,45.13859176635742
3736,cut3,3736,POPC,849,180.9123992919922,34.13977813720703,51.13520050048828
3736,cut3,3736,POPC,850,76.55615234375,28.98865509033203,45.789161682128906
3736,cut3,3736,POPC,851,99.51074981689453,16.67664337158203,44.26449203491211
3736,cut3,3736,POPC,852,192.87425231933594,87.26729583740234,50.71967315673828
3736,cut3,3736,POPC,853,6.870060920715332,78.26590728759766,51.25898742675781
3736,cut3,3736,POPC,854,2.8754053115844727,213.1361846923828,46.183135986328125
3736,cut3,3736,POPC,855,110.12227630615234,19.124605178833008,43.69264602661133
3736,cut3,3736,POPC,856,188.17938232421875,101.7699203491211,47.37362289428711
3736,cut3,3736,POPC,857,180.14903259277344,157.1949005126953,50.45698928833008
3736,cut3,3736,POPC,858,126.36930084228516,222.10263061523438,54.883697509765625
3736,cut3,3736,POPC,859,50.607601165771484,24.983360290527344,48.756988525390625
3736,cut3,3736,POPC,860,23.272705078125,11.116095542907715,53.9036865234375
3736,cut3,3736,POPC,861,202.8024444580078,119.33171081542969,53.893653869628906
3736,cut3,3736,POPC,862,202.82589721679688,45.084136962890625,51.67390060424805
3736,cut3,3736,POPC,863,96.40137481689453,183.52047729492188,41.51719665527344
3736,cut3,3736,POPC,864,105.63215637207031,84.31511688232422,37.19889450073242
3736,cut3,3736,POPC,865,122.0788345336914,32.22146224975586,44.709739685058594
3736,cut3,3736,POPC,866,202.8227996826172,161.18753051757812,44.06407165527344
3736,cut3,3736,POPC,867,12.453177452087402,192.447265625,42.16320037841797
3736,cut3,3736,POPC,868,33.00952911376953,208.18910217285156,46.94525909423828
3736,cut3,3736,POPC,869,162.3160858154297,148.33975219726562,35.531070709228516
3736,cut3,3736,POPC,870,18.419466018676758,205.44390869140625,49.902687072753906
3736,cut3,3736,POPC,871,55.88130569458008,16.155488967895508,47.89693832397461
3736,cut3,3736,POPC,872,64.24858856201172,209.4827117919922,43.17379379272461
3736,cut3,3736,POPC,873,60.06892013549805,31.028793334960938,46.941162109375
3736,cut3,3736,POPC,874,67.99567413330078,6.944455146789551,48.31069564819336
3736,cut3,3736,POPC,875,106.04180908203125,14.288926124572754,45.358829498291016
3736,cut3,3736,POPC,876,53.23012924194336,203.8021697998047,44.74044418334961
3736,cut3,3736,POPC,877,203.09559631347656,25.368453979492188,46.09621047973633
3736,cut3,3736,POPC,878,172.21775817871094,86.91557312011719,46.35331726074219
3736,cut3,3736,POPC,879,80.64154815673828,20.400367736816406,45.3723258972168
3736,cut3,3736,POPC,880,135.51278686523438,90.71273040771484,34.388912200927734
3736,cut3,3736,POPC,881,42.62625503540039,58.49010467529297,51.14774703979492
3736,cut3,3736,POPC,882,197.5828857421875,75.89611053466797,54.421180725097656
3736,cut3,3736,POPC,883,171.50331115722656,215.56063842773438,54.310302734375
3736,cut3,3736,POPC,884,189.20518493652344,72.16249847412111,51.80965042114258
3736,cut3,3736,POPC,885,34.731414794921875,10.516091346740723,53.93391036987305
3736,cut3,3736,POPC,886,40.075016021728516,168.6392364501953,40.770355224609375
3736,cut3,3736,POPC,887,85.03266143798828,212.33053588867188,43.52396011352539
3736,cut3,3736,POPC,888,203.441162109375,50.54140090942383,50.451416015625
3736,cut3,3736,POPC,889,116.21466064453125,123.70405578613281,36.19304656982422
3736,cut3,3736,POPC,890,33.714603424072266,149.7739715576172,38.976158142089844
3736,cut3,3736,POPC,891,20.719350814819336,43.29033660888672,55.75038146972656
3736,cut3,3736,POPC,892,199.50291442871094,82.02198028564453,53.218265533447266
3736,cut3,3736,POPC,893,171.13040161132812,168.85765075683594,42.71634292602539
3736,cut3,3736,POPC,894,45.92703628540039,176.50096130371094,46.719581604003906
3736,cut3,3736,POPC,895,75.57908630371094,175.48529052734375,45.571014404296875
3736,cut3,3736,POPC,896,210.858154296875,211.0181884765625,47.329627990722656
3736,cut3,3736,POPC,897,78.11194610595703,59.972312927246094,45.054683685302734
3736,cut3,3736,POPC,898,57.13886642456055,128.84681701660156,35.46517562866212
3736,cut3,3736,POPC,899,183.8054962158203,74.81139373779297,52.71364974975586
3736,cut3,3736,POPC,900,24.360031127929688,214.19285583496094,52.93337631225586
3736,cut3,3736,POPC,901,205.7158203125,4.770859718322754,52.600502014160156
3736,cut3,3736,POPC,902,64.91134643554688,74.27775573730469,45.36592102050781
3736,cut3,3736,POPC,903,106.17512512207031,195.0994415283203,49.39447021484375
3736,cut3,3736,POPC,904,55.979915618896484,146.24188232421878,43.185821533203125
3736,cut3,3736,POPC,905,46.25461959838868,187.6532440185547,43.53436279296874
3736,cut3,3736,POPC,906,203.39625549316406,62.32910919189453,51.87403106689453
3736,cut3,3736,POPC,907,59.17964553833008,23.628097534179688,46.996395111083984
3736,cut3,3736,POPC,908,199.46585083007812,55.49208068847656,49.314571380615234
3736,cut3,3736,POPC,909,52.46650695800781,126.0500259399414,36.60840606689453
3736,cut3,3736,POPC,910,120.4892349243164,56.97776794433594,36.767398834228516
3736,cut3,3736,POPC,911,118.6716537475586,212.17062377929688,48.6661491394043
3736,cut3,3736,POPC,912,195.01504516601562,105.87130737304688,50.129005432128906
3736,cut3,3736,POPC,913,39.056339263916016,54.420997619628906,54.304561614990234
3736,cut3,3736,POPC,914,140.02206420898438,32.717079162597656,44.34001922607422
3736,cut3,3736,POPC,915,41.097965240478516,141.2714080810547,41.40903854370117
3736,cut3,3736,POPC,916,101.4657211303711,4.001141548156738,45.2351188659668
3736,cut3,3736,POPC,917,172.25068664550784,112.47718811035156,42.19306945800781
3736,cut3,3736,POPC,918,9.455254554748535,207.26840209960938,43.30132293701172
3736,cut3,3736,POPC,919,35.549407958984375,176.725830078125,43.31781005859375
3736,cut3,3736,POPC,920,47.86953353881836,156.6798095703125,46.490684509277344
3736,cut3,3736,POPC,921,81.42367553710938,51.6965217590332,42.91666030883789
3736,cut3,3736,POPC,922,178.83580017089844,45.54177474975586,55.66812515258789
3736,cut3,3736,POPC,923,180.0860595703125,101.13301849365234,45.34406661987305
3736,cut3,3736,POPC,924,168.5298309326172,101.20299530029297,44.621761322021484
3736,cut3,3736,POPC,925,59.695491790771484,12.71943187713623,47.16740417480469
3736,cut3,3736,POPC,926,5.5641632080078125,3.7630856037139893,49.750221252441406
3736,cut3,3736,POPC,927,127.60820007324219,11.862553596496582,49.3942756652832
3736,cut3,3736,POPC,928,19.03832244873047,132.69744873046875,43.194805145263665
3736,cut3,3736,POPC,929,72.55339813232422,65.2713851928711,45.71248245239258
3736,cut3,3736,POPC,930,85.46944427490234,31.361770629882812,45.78034591674805
3736,cut3,3736,POPC,931,181.92265319824222,58.508567810058594,51.09042739868164
3736,cut3,3736,POPC,932,200.49044799804688,89.5478286743164,52.8486328125
3736,cut3,3736,POPC,933,200.99253845214844,18.507389068603516,47.837493896484375
3736,cut3,3736,POPC,934,65.21002960205078,21.388683319091797,47.43997573852539
3736,cut3,3736,POPC,935,12.899741172790527,43.04038619995117,57.702850341796875
3736,cut3,3736,POPC,936,127.3184585571289,44.78126525878906,36.22654724121094
3736,cut3,3736,POPC,937,189.18505859375,219.4674835205078,47.48257446289062
3736,cut3,3736,POPC,938,84.32703399658203,122.65929412841797,38.396732330322266
3736,cut3,3736,POPC,939,92.2093505859375,8.70729351043701,43.01870346069336
3736,cut3,3736,POPC,940,210.16123962402344,-1.6947534084320068,51.59814453125
3736,cut3,3736,POPC,941,211.5906982421875,45.76075744628906,52.99977111816406
3736,cut3,3736,POPC,942,107.77567291259766,200.48460388183594,50.070133209228516
3736,cut3,3736,POPC,943,170.35128784179688,94.70111083984375,46.31197738647461
3736,cut3,3736,POPC,944,159.67604064941406,132.8836669921875,38.93644332885742
3736,cut3,3736,POPC,945,35.74381637573242,17.15465545654297,51.91465759277344
3736,cut3,3736,POPC,946,189.7058868408203,199.15586853027344,49.225399017333984
3736,cut3,3736,POPC,947,7.418841361999512,200.20851135253906,41.11463165283203
3736,cut3,3736,POPC,948,127.54857635498047,79.11219787597656,30.518245697021484
3736,cut3,3736,POPC,949,62.62599563598633,107.4824447631836,39.36214828491211
3736,cut3,3736,POPC,950,91.02112579345703,31.442096710205078,45.826698303222656
3736,cut3,3736,POPC,951,20.744052886962894,190.84022521972656,42.24797439575195
3736,cut3,3736,POPC,952,185.01849365234375,9.094319343566895,46.225528717041016
3736,cut3,3736,POPC,953,20.370616912841797,29.508663177490234,53.07249069213867
3736,cut3,3736,POPC,954,32.17387390136719,172.67555236816406,40.8798828125
3736,cut3,3736,POPC,955,79.4288330078125,130.35740661621094,35.50307083129883
3736,cut3,3736,POPC,956,194.6715850830078,42.733280181884766,50.7783317565918
3736,cut3,3736,POPC,957,169.09437561035156,124.22661590576172,38.50794219970703
3736,cut3,3736,POPC,958,183.3146514892578,88.08489990234375,50.002464294433594
3736,cut3,3736,POPC,959,65.50823211669922,81.47962951660156,44.58384704589844
3736,cut3,3736,POPC,960,38.24121856689453,192.24298095703125,45.24020767211914
3736,cut3,3736,POPC,961,70.57958221435547,208.27259826660156,43.668766021728516
3736,cut3,3736,POPC,962,148.67922973632812,13.451905250549316,52.11316680908203
3736,cut3,3736,POPC,963,24.134475708007812,85.51105499267578,52.97142791748047
3736,cut3,3736,POPC,964,45.623897552490234,167.44351196289062,42.71772766113281
3736,cut3,3736,POPC,965,155.27345275878906,126.5783920288086,39.43128967285156
3736,cut3,3736,POPC,966,210.6498565673828,134.65353393554688,46.03862762451172
3736,cut3,3736,POPC,967,133.9346923828125,50.46171188354492,32.971839904785156
3736,cut3,3736,POPC,968,23.647953033447266,142.2735137939453,37.45754623413086
3736,cut3,3736,POPC,969,104.32227325439453,94.79122924804688,34.18537139892578
3736,cut3,3736,POPC,970,46.183265686035156,62.49781799316406,55.53614807128906
3736,cut3,3736,POPC,971,144.72926330566406,133.40695190429688,36.74680709838867
3736,cut3,3736,POPC,972,48.7253303527832,39.20720672607422,46.279930114746094
3736,cut3,3736,POPC,973,99.33318328857422,114.50509643554688,44.61686706542969
3736,cut3,3736,POPC,974,162.7596435546875,140.148681640625,37.858360290527344
3736,cut3,3736,POPC,975,42.145187377929695,218.74143981933594,45.40031814575195
3736,cut3,3736,POPC,976,183.3037567138672,141.53370666503906,46.30668640136719
3736,cut3,3736,POPC,977,137.0497589111328,220.7967224121094,56.30458068847656
3736,cut3,3736,POPC,978,194.93557739257812,185.4929962158203,44.31074905395508
3736,cut3,3736,POPC,979,107.01293182373047,23.795230865478516,41.054405212402344
3736,cut3,3736,POPC,980,192.41651916503906,59.359291076660156,49.80070877075195
3736,cut3,3736,POPC,981,13.563511848449707,165.58937072753906,41.725852966308594
3736,cut3,3736,POPC,982,58.63008499145508,5.602322578430176,44.433815002441406
3736,cut3,3736,POPC,983,35.093536376953125,138.86355590820312,39.65029525756836
3736,cut3,3736,POPC,984,53.40317916870117,105.01205444335938,45.0785026550293
3736,cut3,3736,POPC,985,155.93296813964844,137.3671417236328,38.69085693359375
3736,cut3,3736,POPC,986,27.966800689697266,182.14500427246094,42.784873962402344
3736,cut3,3736,POPC,987,146.83372497558594,86.957763671875,38.07157516479492
3736,cut3,3736,POPC,988,188.27210998535156,134.49827575683594,42.20888900756836
3736,cut3,3736,POPC,989,175.93179321289062,90.29676055908203,43.53024673461914
3736,cut3,3736,POPC,990,172.820068359375,76.0015640258789,47.4065055847168
3736,cut3,3736,POPC,991,202.45602416992188,39.133888244628906,49.86250305175781
3736,cut3,3736,POPC,992,41.30475616455078,15.120017051696777,48.45553207397461
3736,cut3,3736,POPC,993,104.36711120605469,205.2076873779297,51.09568786621094
3736,cut3,3736,POPC,994,193.6332550048828,138.61685180664062,44.82358169555665
3736,cut3,3736,POPC,995,153.21295166015625,19.254112243652344,57.302337646484375
3736,cut3,3736,POPC,996,109.63800048828125,220.7586212158203,47.178184509277344
3736,cut3,3736,POPC,997,187.27774047851562,41.45381546020508,50.77830123901367
3736,cut3,3736,POPC,998,12.124632835388184,25.78998565673828,55.60222625732422
3736,cut3,3736,POPC,999,115.57844543457031,76.80734252929688,32.950103759765625
3736,cut3,3736,POPC,1000,82.1755599975586,206.40728759765625,46.5745735168457
3736,cut3,3736,POPC,1001,206.3299560546875,168.76026916503906,41.468692779541016
3736,cut3,3736,POPC,1002,142.2978973388672,225.42971801757812,57.269126892089844
3736,cut3,3736,POPC,1003,203.67745971679688,224.17616271972656,53.631256103515625
3736,cut3,3736,POPC,1004,178.28277587890625,39.371665954589844,51.298362731933594
3736,cut3,3736,POPC,1005,15.764348030090332,199.807373046875,43.94941329956055
3736,cut3,3736,POPC,1006,191.6217498779297,5.924230575561523,48.904144287109375
3736,cut3,3736,POPC,1007,4.52338981628418,160.98048400878906,44.851173400878906
3736,cut3,3736,POPC,1008,79.60493469238281,40.91971588134766,46.14292526245117
3736,cut3,3736,POPC,1009,24.14544677734375,151.6984405517578,39.24961471557617
3736,cut3,3736,POPC,1010,79.2386474609375,84.51905822753906,45.29296112060547
3736,cut3,3736,POPC,1011,114.0252914428711,206.09669494628906,49.91588592529297
3736,cut3,3736,POPC,1012,38.58318328857422,81.27011108398438,52.29206466674805
3736,cut3,3736,POPC,1013,84.45181274414062,153.46673583984375,37.148780822753906
3736,cut3,3736,POPC,1014,156.54620361328125,215.9938507080078,56.16778564453125
3736,cut3,3736,POPC,1015,127.6863021850586,131.3874969482422,37.14872741699219
3736,cut3,3736,POPC,1016,185.60704040527344,151.57925415039062,47.85370635986328
3736,cut3,3736,POPC,1017,198.1519012451172,109.6938705444336,53.09364318847656
3736,cut3,3736,POPC,1018,203.15963745117188,93.12731933593749,55.156124114990234
3736,cut3,3736,POPC,1019,49.02014923095703,181.17977905273438,48.524864196777344
3736,cut3,3736,POPC,1020,179.46980285644534,107.1429443359375,46.734012603759766
3736,cut3,3736,POPC,1021,14.592909812927246,138.71356201171875,45.58723068237305
3736,cut3,3736,POPC,1022,27.55248260498047,77.98851776123047,51.20196533203125
3736,cut3,3736,POPC,1023,167.21405029296875,4.283542633056641,53.225364685058594
3736,cut3,3736,POPC,1024,23.731117248535156,58.28162384033203,58.696319580078125
3736,cut3,3736,POPC,1025,197.05665588378906,119.85309600830078,48.61301803588867
3736,cut3,3736,POPC,1026,67.62016296386719,177.8356170654297,48.12268829345703
3736,cut3,3736,POPC,1027,121.34268951416016,7.405640602111816,49.188549041748054
3736,cut3,3736,POPC,1028,106.0310287475586,63.59703826904297,39.011592864990234
3736,cut3,3736,POPC,1029,71.98772430419922,183.76197814941406,46.68687438964844
3736,cut3,3736,POPC,1030,198.07485961914062,65.44532775878906,52.22115707397461
3736,cut3,3736,POPC,1031,52.31986999511719,161.32395935058594,45.91976547241211
3736,cut3,3736,POPC,1032,145.8284912109375,35.44719696044922,42.46097946166992
3736,cut3,3736,POPC,1033,99.12635040283203,87.44427490234376,36.6417236328125
3736,cut3,3736,POPC,1034,64.55603790283203,65.51545715332031,48.411075592041016
3736,cut3,3736,POPC,1035,156.83810424804688,119.4554443359375,35.42460250854492
3736,cut3,3736,POPC,1036,129.06838989257812,59.095130920410156,36.63621520996094
3736,cut3,3736,POPC,1037,89.230224609375,179.69154357910156,37.986778259277344
3736,cut3,3736,POPC,1038,99.25051879882812,198.4281768798828,49.14373779296875
3736,cut3,3736,POPC,1039,184.8101043701172,194.8390350341797,47.30720520019531
3736,cut3,3736,POPC,1040,182.86941528320312,164.96807861328125,49.16735076904297
3736,cut3,3736,POPC,1041,92.56661987304688,53.70960998535156,40.10188674926758
3736,cut3,3736,POPC,1042,10.028098106384277,181.15682983398438,40.170623779296875
3736,cut3,3736,POPC,1043,205.9722900390625,75.5570068359375,56.42608261108399
3736,cut3,3736,POPC,1044,88.25213623046874,24.016464233398438,47.422183990478516
3736,cut3,3736,POPC,1045,66.83282470703125,131.34170532226562,38.993255615234375
3736,cut3,3736,POPC,1046,186.7685089111328,226.04000854492188,47.55906295776367
3736,cut3,3736,POPC,1047,49.85184860229492,65.35717010498047,51.35097122192383
3736,cut3,3736,POPC,1048,180.48948669433594,144.9505157470703,50.90819549560547
3736,cut3,3736,POPC,1049,157.10118103027344,143.9123992919922,35.899715423583984
3736,cut3,3736,POPC,1050,32.19354248046875,28.614299774169925,53.7514762878418
3736,cut3,3736,POPC,1051,69.83769226074219,191.82139587402344,46.39589309692383
3736,cut3,3736,POPC,1052,11.67713451385498,19.580135345458984,52.584651947021484
3736,cut3,3736,POPC,1053,115.97494506835938,160.59091186523438,36.83523178100586
3736,cut3,3736,POPC,1054,207.43186950683594,83.40251159667969,52.48926544189454
3736,cut3,3736,POPC,1055,58.44162368774415,59.59326171875,46.270179748535156
3736,cut3,3736,POPC,1056,130.7603759765625,217.9221649169922,54.96221923828125
3736,cut3,3736,POPC,1057,147.28289794921875,108.57665252685547,39.096702575683594
3736,cut3,3736,POPC,1058,179.2073211669922,136.22869873046872,44.56743621826172
3736,cut3,3736,POPC,1059,97.42356872558594,218.9419403076172,44.587284088134766
3736,cut3,3736,POPC,1060,125.74628448486328,29.07077407836914,49.4904670715332
3736,cut3,3736,POPC,1061,39.645111083984375,213.90257263183594,43.87604522705078
3736,cut3,3736,POPC,1062,184.0495147705078,203.5582275390625,49.099342346191406
3736,cut3,3736,POPC,1063,207.6191864013672,23.303447723388672,48.98886489868164
3736,cut3,3736,POPC,1064,93.61791229248047,80.7833480834961,42.181846618652344
3736,cut3,3736,POPC,1065,22.092761993408203,48.77885818481445,54.26001739501953
3736,cut3,3736,POPC,1066,91.09149169921875,187.2461700439453,45.38310623168945
3736,cut3,3736,POPC,1067,196.38546752929688,192.38233947753906,44.24260711669922
3736,cut3,3736,POPC,1068,127.45292663574219,159.4838104248047,41.80209732055664
3736,cut3,3736,POPC,1069,192.45257568359375,77.63717651367188,55.315696716308594
3736,cut3,3736,POPC,1070,54.31279754638672,6.3961992263793945,48.71474838256836
3736,cut3,3736,POPC,1071,196.81398010253906,199.32391357421875,47.269351959228516
3736,cut3,3736,POPC,1072,61.333927154541016,163.1475067138672,43.689640045166016
3736,cut3,3736,POPC,1073,36.57600402832031,86.70708465576173,51.455421447753906
3736,cut3,3736,POPC,1074,28.579593658447266,165.02952575683594,37.0683708190918
3736,cut3,3736,POPC,1075,165.33279418945312,11.009137153625488,54.0904655456543
3736,cut3,3736,POPC,1076,25.215232849121094,171.80560302734375,40.709903717041016
3736,cut3,3736,POPC,1077,195.4111785888672,28.93414306640625,51.61812210083008
3736,cut3,3736,POPC,1078,43.50166320800781,193.55308532714844,41.40340042114258
3736,cut3,3736,POPC,1079,196.99380493164062,224.6020965576172,51.180503845214844
3736,cut3,3736,POPC,1080,23.04155731201172,197.01817321777344,43.95627975463867
3736,cut3,3736,POPC,1081,11.564896583557129,2.060150384902954,51.20279312133789
3736,cut3,3736,POPC,1082,175.98475646972656,140.14356994628906,46.42837142944336
3736,cut3,3736,POPC,1083,112.50687408447266,62.24163818359376,39.639381408691406
3736,cut3,3736,POPC,1084,112.6767578125,51.44101333618164,41.18423080444336
3736,cut3,3736,POPC,1085,146.1502227783203,127.550048828125,37.318912506103516
3736,cut3,3736,POPC,1086,123.1625747680664,12.696330070495605,47.02545166015625
3736,cut3,3736,POPC,1087,57.61287307739258,114.63958740234375,38.212493896484375
3736,cut3,3736,POPC,1088,134.5590362548828,149.3709259033203,35.36255645751953
3736,cut3,3736,POPC,1089,7.012835502624512,70.79232788085938,55.553184509277344
3736,cut3,3736,POPC,1090,210.63772583007812,67.16716003417969,52.971717834472656
3736,cut3,3736,POPC,1091,113.46942901611328,147.96047973632812,32.92296600341797
3736,cut3,3736,POPC,1092,197.19664001464844,36.06428909301758,51.0980110168457
3736,cut3,3736,POPC,1093,91.06590270996094,72.18244934082031,46.735904693603516
3736,cut3,3736,POPC,1094,67.57666778564453,48.76902389526367,52.301509857177734
3736,cut3,3736,POPC,1095,32.09619140625,158.87986755371094,36.082977294921875
3736,cut3,3736,POPC,1096,176.9746856689453,211.3734130859375,56.04534912109375
3736,cut3,3736,POPC,1097,4.237490653991699,64.92998504638672,55.15092468261719
3736,cut3,3736,POPC,1098,150.3782958984375,142.00018310546875,35.03865051269531
3736,cut3,3736,POPC,1099,24.964427947998047,54.54319763183594,54.58551788330078
3736,cut3,3736,POPC,1100,21.238245010375977,79.98629760742188,52.06229782104492
3736,cut3,3736,POPC,1101,85.2135238647461,148.20045471191406,34.43968200683594
3736,cut3,3736,POPC,1102,94.90522766113281,26.85869598388672,47.13357162475586
3736,cut3,3736,POPC,1103,189.46780395507812,92.49172973632812,49.9160041809082
3736,cut3,3736,POPC,1104,68.14061737060547,14.52185344696045,47.451995849609375
3736,cut3,3736,POPC,1105,95.96363067626953,119.32543182373047,48.12841796875
3736,cut3,3736,POPC,1106,13.168946266174316,48.882179260253906,53.4304084777832
3736,cut3,3736,POPC,1107,84.9819107055664,60.0028076171875,42.79695129394531
3736,cut3,3736,POPC,1108,178.94252014160156,118.19192504882812,43.207130432128906
3736,cut3,3736,SAPI,1109,136.1635284423828,4.024585723876953,53.410247802734375
3736,cut3,3736,SAPI,1110,73.77854919433594,142.73910522460938,38.879825592041016
3736,cut3,3736,SAPI,1111,132.5575408935547,26.976375579833984,49.63414764404297
3736,cut3,3736,SAPI,1112,176.0936279296875,26.872215270996094,51.40902328491211
3736,cut3,3736,SAPI,1113,41.354923248291016,133.68673706054688,43.27434158325195
3736,cut3,3736,SAPI,1114,0.2543916404247284,184.36190795898438,37.1978645324707
3736,cut3,3736,SAPI,1115,204.68389892578125,149.6553955078125,48.74593734741211
3736,cut3,3736,SAPI,1116,135.1895751953125,133.21070861816406,32.2070426940918
3736,cut3,3736,SAPI,1117,39.751956939697266,152.01307678222656,39.30308151245117
3736,cut3,3736,SAPI,1118,108.79815673828125,181.0293731689453,42.319793701171875
3736,cut3,3736,SAPI,1119,104.88445281982422,39.801212310791016,40.92949295043945
3736,cut3,3736,SAPI,1120,170.2946014404297,14.001572608947754,53.25012969970703
3736,cut3,3736,SAPI,1121,142.02003479003906,123.46656799316406,39.025245666503906
3736,cut3,3736,SAPI,1122,177.7855224609375,13.487139701843262,48.21717071533203
3736,cut3,3736,SAPI,1123,169.845458984375,79.88117218017578,44.843727111816406
3736,cut3,3736,SAPI,1124,95.4866714477539,38.95070266723633,42.352455139160156
3736,cut3,3736,SAPI,1125,172.26280212402344,185.4591064453125,49.02999496459961
3736,cut3,3736,SAPI,1126,83.03034973144531,77.98377227783203,45.61736297607422
3736,cut3,3736,SAPI,1127,169.46051025390625,155.9711456298828,41.80474090576172
3736,cut3,3736,SAPI,1128,6.661160469055176,94.17719268798828,54.36439514160156
3736,cut3,3736,SAPI,1129,142.3795166015625,115.70646667480469,34.06568145751953
3736,cut3,3736,SAPI,1130,162.39283752441406,92.33375549316406,45.00390625
3736,cut3,3736,SAPI,1131,0.20769307017326355,91.50852966308594,55.389949798583984
3736,cut3,3736,SAPI,1132,211.46897888183594,162.93148803710938,44.284515380859375
3736,cut3,3736,SAPI,1133,25.144489288330078,33.86439895629883,52.78266525268555
3736,cut3,3736,SAPI,1134,176.4061737060547,52.24421310424805,53.87783432006836
3736,cut3,3736,SAPI,1135,108.73983001708984,171.75619506835938,37.732536315917976
3736,cut3,3736,SAPI,1136,130.45584106445312,204.84933471679688,51.23653793334961
3736,cut3,3736,SAPI,1137,119.98979949951172,145.3507080078125,32.61557388305664
3736,cut3,3736,SAPI,1138,155.54402160644534,15.012566566467285,53.93004608154297
3736,cut3,3736,SAPI,1139,100.129638671875,79.23706817626953,41.4769401550293
3736,cut3,3736,SAPI,1140,116.2192611694336,228.36892700195312,50.19602584838867
3736,cut3,3736,SAPI,1141,197.09681701660156,167.34361267089844,49.80366516113281
3736,cut3,3736,SAPI,1142,57.87144088745117,219.1240997314453,42.59302520751953
3736,cut3,3736,SAPI,1143,145.4067840576172,221.04783630371094,56.24221420288086
3736,cut3,3736,SAPI,1144,137.15049743652344,127.81603240966797,36.98661422729492
3736,cut3,3736,SAPI,1145,62.512332916259766,120.63397979736328,36.90519332885742
