,System,Frame,Resname,Resnum,X,Y,Z
2801,cut3,2801,POPC,0,7.066797256469727,149.8374481201172,82.62996673583984
2801,cut3,2801,POPC,1,18.96893310546875,158.45314025878906,85.31307983398438
2801,cut3,2801,POPC,2,187.48150634765625,45.85914993286133,94.27259063720703
2801,cut3,2801,POPC,3,198.3592071533203,150.7293243408203,88.13490295410156
2801,cut3,2801,POPC,4,192.2862548828125,151.97340393066406,86.33548736572266
2801,cut3,2801,POPC,5,166.7646026611328,170.63018798828125,83.59278106689453
2801,cut3,2801,POPC,6,148.72523498535156,169.2885284423828,75.23650360107422
2801,cut3,2801,POPC,7,3.593641519546509,57.61922073364258,94.52182006835938
2801,cut3,2801,POPC,8,201.585693359375,35.38702392578124,96.1469497680664
2801,cut3,2801,POPC,9,209.52159118652344,148.61073303222656,80.45868682861328
2801,cut3,2801,POPC,10,24.149978637695312,131.44955444335938,81.79823303222656
2801,cut3,2801,POPC,11,184.7753143310547,105.59455108642578,88.31958770751953
2801,cut3,2801,POPC,12,69.05817413330078,175.02635192871094,85.57818603515625
2801,cut3,2801,POPC,13,185.14524841308594,216.73898315429688,92.16686248779297
2801,cut3,2801,POPC,14,147.1061096191406,163.35585021972656,73.60740661621094
2801,cut3,2801,POPC,15,169.9522247314453,191.091064453125,81.80851745605469
2801,cut3,2801,POPC,16,43.48125076293945,141.0529327392578,79.91021728515625
2801,cut3,2801,POPC,17,115.86016845703125,92.98776245117188,70.01921844482422
2801,cut3,2801,POPC,18,68.64175415039062,191.75015258789062,85.24136352539062
2801,cut3,2801,POPC,19,121.67314147949219,222.58390808105472,90.50701904296875
2801,cut3,2801,POPC,20,180.2722625732422,137.45091247558597,80.66712188720703
2801,cut3,2801,POPC,21,141.35598754882812,123.99231719970703,73.69593811035156
2801,cut3,2801,POPC,22,147.71278381347656,212.2212371826172,99.7257308959961
2801,cut3,2801,POPC,23,130.2169189453125,63.08328628540039,81.49414825439453
2801,cut3,2801,POPC,24,97.6255874633789,202.2222442626953,88.29013061523438
2801,cut3,2801,POPC,25,101.09089660644531,88.85856628417969,83.4859619140625
2801,cut3,2801,POPC,26,4.370204925537109,169.00294494628906,82.52323150634766
2801,cut3,2801,POPC,27,46.24935531616211,190.62071228027344,82.58133697509766
2801,cut3,2801,POPC,28,111.71307373046875,21.528257369995117,93.26895904541016
2801,cut3,2801,POPC,29,125.95484161376953,30.004505157470703,91.20325469970703
2801,cut3,2801,POPC,30,94.89405822753906,13.182271003723145,89.90299987792969
2801,cut3,2801,POPC,31,151.40972900390625,170.6810760498047,81.16150665283203
2801,cut3,2801,POPC,32,100.1529769897461,190.64395141601562,82.5510025024414
2801,cut3,2801,POPC,33,97.58391571044922,62.292633056640625,87.03099822998047
2801,cut3,2801,POPC,34,153.30409240722656,108.22946166992188,82.97269439697264
2801,cut3,2801,POPC,35,109.53870391845703,54.604957580566406,81.98263549804688
2801,cut3,2801,POPC,36,190.09725952148438,211.1750946044922,87.9835205078125
2801,cut3,2801,POPC,37,71.73860931396484,30.58176612854004,93.24293518066406
2801,cut3,2801,POPC,38,79.7085952758789,93.10636901855469,85.04462432861328
2801,cut3,2801,POPC,39,168.22677612304688,180.4687042236328,79.83100891113281
2801,cut3,2801,POPC,40,97.60234069824219,81.66506958007812,82.76060485839844
2801,cut3,2801,POPC,41,75.12632751464844,97.02810668945312,82.27640533447266
2801,cut3,2801,POPC,42,16.806045532226562,82.5536117553711,90.09323120117188
2801,cut3,2801,POPC,43,72.58153533935547,90.08625793457031,86.5444564819336
2801,cut3,2801,POPC,44,103.1694564819336,210.90956115722656,90.98316192626953
2801,cut3,2801,POPC,45,77.52908325195312,49.707191467285156,85.3519058227539
2801,cut3,2801,POPC,46,111.48477935791016,3.444514274597168,92.79016876220703
2801,cut3,2801,POPC,47,54.05930709838867,37.30130386352539,93.99354553222656
2801,cut3,2801,POPC,48,176.12692260742188,99.08338165283203,81.20266723632812
2801,cut3,2801,POPC,49,204.38327026367188,202.24143981933594,90.4223403930664
2801,cut3,2801,POPC,50,46.81882095336914,48.14730453491211,91.5080337524414
2801,cut3,2801,POPC,51,93.56199645996095,78.04154205322266,84.6087417602539
2801,cut3,2801,POPC,52,42.41074752807617,133.7428436279297,81.20323944091797
2801,cut3,2801,POPC,53,95.67291259765625,170.63229370117188,80.87967681884766
2801,cut3,2801,POPC,54,180.11869812011716,179.92724609375,83.58834075927734
2801,cut3,2801,POPC,55,121.56011962890625,78.44312286376953,69.97347259521484
2801,cut3,2801,POPC,56,201.7923583984375,58.9794921875,96.83039855957031
2801,cut3,2801,POPC,57,140.92324829101562,177.60745239257812,73.2542495727539
2801,cut3,2801,POPC,58,185.66937255859375,181.94200134277344,87.32276153564453
2801,cut3,2801,POPC,59,124.84175872802736,16.31767463684082,93.0493392944336
2801,cut3,2801,POPC,60,42.02031326293945,172.67237854003906,84.45286560058594
2801,cut3,2801,POPC,61,163.09446716308594,128.4305419921875,73.81714630126953
2801,cut3,2801,POPC,62,29.561904907226562,23.7408504486084,92.01101684570312
2801,cut3,2801,POPC,63,91.89466094970703,166.92868041992188,77.76309967041016
2801,cut3,2801,POPC,64,175.0086669921875,115.62088775634766,81.9710922241211
2801,cut3,2801,POPC,65,108.44464111328125,118.95325469970703,77.49845123291016
2801,cut3,2801,POPC,66,10.988334655761719,36.216590881347656,93.96460723876953
2801,cut3,2801,POPC,67,33.90337371826172,182.72335815429688,84.02558135986328
2801,cut3,2801,POPC,68,55.51774978637695,26.994678497314453,93.51327514648438
2801,cut3,2801,POPC,69,25.573287963867188,1.6029857397079468,92.66387176513672
2801,cut3,2801,POPC,70,57.589359283447266,19.08255958557129,92.4970474243164
2801,cut3,2801,POPC,71,132.2566680908203,180.67697143554688,39.77714538574219
2801,cut3,2801,POPC,72,7.38935661315918,82.96591949462889,85.3594970703125
2801,cut3,2801,POPC,73,134.52296447753906,117.8340835571289,74.52330017089844
2801,cut3,2801,POPC,74,182.99581909179688,18.980051040649414,99.18392944335938
2801,cut3,2801,POPC,75,36.294403076171875,136.95504760742188,80.14169311523438
2801,cut3,2801,POPC,76,212.9504852294922,203.0289306640625,89.61648559570312
2801,cut3,2801,POPC,77,130.0435028076172,148.2573699951172,69.37654876708984
2801,cut3,2801,POPC,78,187.8814239501953,26.01618766784668,64.83682250976562
2801,cut3,2801,POPC,79,116.38259887695312,54.14639663696289,84.88886260986328
2801,cut3,2801,POPC,80,89.89651489257812,0.2676849961280823,87.14028930664062
2801,cut3,2801,POPC,81,17.40239715576172,220.01072692871094,91.5280990600586
2801,cut3,2801,POPC,82,31.909099578857422,69.91376495361328,89.03670501708984
2801,cut3,2801,POPC,83,6.4165496826171875,161.23040771484375,79.48057556152344
2801,cut3,2801,POPC,84,81.89561462402344,170.7515411376953,81.76029205322266
2801,cut3,2801,POPC,85,136.5865936279297,52.17423629760742,83.41049194335938
2801,cut3,2801,POPC,86,50.84078598022461,208.1763153076172,85.71495056152344
2801,cut3,2801,POPC,87,68.58715057373047,46.69590759277344,89.01441955566406
2801,cut3,2801,POPC,88,25.287574768066406,36.034217834472656,93.4063491821289
2801,cut3,2801,POPC,89,152.19503784179688,161.42935180664062,70.666015625
2801,cut3,2801,POPC,90,49.14381790161133,196.05845642089844,83.54351806640625
2801,cut3,2801,POPC,91,118.4736557006836,216.61953735351562,92.45095825195312
2801,cut3,2801,POPC,92,149.876220703125,133.94921874999997,73.2334976196289
2801,cut3,2801,POPC,93,42.061676025390625,32.71893310546875,94.98383331298828
2801,cut3,2801,POPC,94,10.888761520385742,53.04672622680664,93.32331085205078
2801,cut3,2801,POPC,95,143.3450469970703,142.2890167236328,68.28941345214844
2801,cut3,2801,POPC,96,174.42788696289062,128.14913940429688,78.10738372802734
2801,cut3,2801,POPC,97,108.03190612792969,104.87332153320312,45.5671272277832
2801,cut3,2801,POPC,98,197.36557006835938,84.41989135742188,91.10523986816406
2801,cut3,2801,POPC,99,75.78707122802734,155.588134765625,80.09467315673828
2801,cut3,2801,POPC,100,34.85844039916992,24.621824264526367,94.49522399902344
2801,cut3,2801,POPC,101,73.29631042480469,121.29743957519531,73.69512176513672
2801,cut3,2801,POPC,102,162.42327880859375,137.2753448486328,71.8657455444336
2801,cut3,2801,POPC,103,88.25651550292969,84.82816314697266,88.77754974365234
2801,cut3,2801,POPC,104,30.57711410522461,7.943282127380371,94.6039047241211
2801,cut3,2801,POPC,105,28.965892791748047,174.61900329589844,87.82382202148438
2801,cut3,2801,POPC,106,124.62529754638672,61.12014389038086,82.93040466308594
2801,cut3,2801,POPC,107,112.9615478515625,48.792598724365234,86.76099395751953
2801,cut3,2801,POPC,108,180.8158721923828,219.62545776367188,96.63170623779297
2801,cut3,2801,POPC,109,208.40606689453125,155.0489044189453,83.26243591308594
2801,cut3,2801,POPC,110,114.51094818115234,223.94541931152344,89.27398681640625
2801,cut3,2801,POPC,111,123.71711730957031,37.32734680175781,89.57373809814453
2801,cut3,2801,POPC,112,97.02095031738281,25.58631706237793,88.69047546386719
2801,cut3,2801,POPC,113,191.15748596191406,57.18297576904297,94.02227783203125
2801,cut3,2801,POPC,114,91.42281341552734,218.3130340576172,87.30961608886719
2801,cut3,2801,POPC,115,201.61001586914062,-0.24478167295455933,91.16654968261719
2801,cut3,2801,POPC,116,187.58044433593747,74.23831939697266,97.51240539550781
2801,cut3,2801,POPC,117,147.10067749023438,41.94813919067383,84.70714569091797
2801,cut3,2801,POPC,118,70.1604995727539,129.27223205566406,75.90552520751953
2801,cut3,2801,POPC,119,119.1408462524414,12.917997360229492,94.44644165039062
2801,cut3,2801,POPC,120,53.92461013793945,5.615571022033691,90.5211181640625
2801,cut3,2801,POPC,121,157.50161743164062,124.95093536376953,77.11552429199219
2801,cut3,2801,POPC,122,117.77639770507812,144.29356384277344,73.31700134277344
2801,cut3,2801,POPC,123,13.839359283447266,187.08306884765625,88.55081176757812
2801,cut3,2801,POPC,124,75.68931579589844,168.27944946289062,82.19984436035156
2801,cut3,2801,POPC,125,91.50769805908203,184.51522827148438,81.57097625732422
2801,cut3,2801,POPC,126,197.0320281982422,167.74632263183594,88.4976577758789
2801,cut3,2801,POPC,127,86.2451400756836,198.3973846435547,85.30987548828125
2801,cut3,2801,POPC,128,23.00963592529297,183.35470581054688,51.02558898925781
2801,cut3,2801,POPC,129,102.479736328125,120.60015869140625,47.19635009765625
2801,cut3,2801,POPC,130,81.44593811035156,191.17066955566406,86.18124389648438
2801,cut3,2801,POPC,131,180.65777587890625,116.18934631347656,84.58555603027344
2801,cut3,2801,POPC,132,196.56451416015625,127.29280853271484,86.54678344726562
2801,cut3,2801,POPC,133,194.36282348632812,74.22328948974611,95.1734848022461
2801,cut3,2801,POPC,134,96.96109008789061,157.8377227783203,76.79225158691406
2801,cut3,2801,POPC,135,104.85303497314453,110.64237213134766,85.55738067626953
2801,cut3,2801,POPC,136,199.25787353515625,161.0164337158203,88.44579315185547
2801,cut3,2801,POPC,137,61.12545394897461,200.80953979492188,83.06941986083984
2801,cut3,2801,POPC,138,41.94908905029297,87.8141860961914,89.71595764160156
2801,cut3,2801,POPC,139,28.896419525146484,192.05673217773438,85.31208801269531
2801,cut3,2801,POPC,140,118.57581329345703,163.51998901367188,68.1965560913086
2801,cut3,2801,POPC,141,166.26654052734375,139.0726776123047,77.66368103027344
2801,cut3,2801,POPC,142,173.3271942138672,60.12582778930664,95.5285873413086
2801,cut3,2801,POPC,143,141.19454956054688,3.839493751525879,95.42762756347656
2801,cut3,2801,POPC,144,142.84710693359375,104.18722534179688,78.4817123413086
2801,cut3,2801,POPC,145,175.82333374023438,47.76994323730469,93.77659606933594
2801,cut3,2801,POPC,146,87.82411193847656,12.480244636535645,87.90233612060547
2801,cut3,2801,POPC,147,24.751434326171875,19.076616287231445,91.93955993652344
2801,cut3,2801,POPC,148,40.929569244384766,65.71675109863281,88.19488525390625
2801,cut3,2801,POPC,149,206.019287109375,195.1786346435547,91.00679779052734
2801,cut3,2801,POPC,150,49.68259048461914,155.78842163085938,85.81572723388672
2801,cut3,2801,POPC,151,140.32093811035156,137.24496459960938,70.75123596191406
2801,cut3,2801,POPC,152,73.36502838134766,0.6960261464118958,88.7962417602539
2801,cut3,2801,POPC,153,156.21401977539062,158.57760620117188,71.2340316772461
2801,cut3,2801,POPC,154,78.93295288085938,30.42135238647461,91.68219757080078
2801,cut3,2801,POPC,155,85.42314147949219,186.6900177001953,86.18537902832031
2801,cut3,2801,POPC,156,82.54231262207031,154.785400390625,73.96845245361328
2801,cut3,2801,POPC,157,17.55242919921875,215.37257385253906,86.30082702636719
2801,cut3,2801,POPC,158,193.63931274414062,185.4307098388672,89.83607482910156
2801,cut3,2801,POPC,159,44.21847534179688,57.89447021484375,90.30474853515625
2801,cut3,2801,POPC,160,38.97707748413086,117.18868255615234,75.97301483154297
2801,cut3,2801,POPC,161,88.2369155883789,178.7909851074219,81.90841674804688
2801,cut3,2801,POPC,162,105.65841674804688,220.9070587158203,91.92387390136719
2801,cut3,2801,POPC,163,37.789119720458984,16.495086669921875,92.30134582519531
2801,cut3,2801,POPC,164,42.67233657836914,125.89077758789062,81.40274810791014
2801,cut3,2801,POPC,165,88.3442153930664,204.18899536132812,86.03519439697266
2801,cut3,2801,POPC,166,25.14382934570313,76.78760528564453,92.48772430419922
2801,cut3,2801,POPC,167,167.98890686035156,102.05809020996094,79.73003387451172
2801,cut3,2801,POPC,168,4.908119201660156,77.10237121582031,90.225341796875
2801,cut3,2801,POPC,169,0.07077812403440475,11.625395774841309,94.8638687133789
2801,cut3,2801,POPC,170,119.95204162597656,85.1487045288086,68.26288604736328
2801,cut3,2801,POPC,171,68.81598663330078,95.11747741699219,87.2972412109375
2801,cut3,2801,POPC,172,159.80934143066406,2.895066261291504,99.5534439086914
2801,cut3,2801,POPC,173,21.270381927490234,121.88431549072266,79.1905288696289
2801,cut3,2801,POPC,174,96.46516418457031,48.49781799316406,89.14453887939453
2801,cut3,2801,POPC,175,196.7440643310547,60.72529983520508,99.34703826904297
2801,cut3,2801,POPC,176,68.99097442626953,6.457984924316406,87.52503204345703
2801,cut3,2801,POPC,177,95.4139175415039,36.34874725341797,89.55423736572266
2801,cut3,2801,POPC,178,110.00204467773438,123.38986206054688,72.98735809326172
2801,cut3,2801,POPC,179,83.32241821289062,58.837608337402344,92.18631744384766
2801,cut3,2801,POPC,180,74.04170227050781,69.06431579589844,88.10581970214844
2801,cut3,2801,POPC,181,115.83720397949219,190.18218994140625,82.4530258178711
2801,cut3,2801,POPC,182,178.492431640625,-0.1664385199546814,99.0448989868164
2801,cut3,2801,POPC,183,116.02286529541016,79.32752227783203,74.40602111816406
2801,cut3,2801,POPC,184,6.175525665283203,54.31940460205078,54.692684173583984
2801,cut3,2801,POPC,185,197.40719604492188,206.92433166503906,91.31718444824219
2801,cut3,2801,POPC,186,110.60653686523438,216.2708740234375,94.21773529052734
2801,cut3,2801,POPC,187,165.66065979003906,216.2686309814453,98.95252990722656
2801,cut3,2801,POPC,188,-0.14446426928043365,26.605985641479492,97.2888412475586
2801,cut3,2801,POPC,189,47.95339584350586,69.4906005859375,86.32928466796875
2801,cut3,2801,POPC,190,193.20181274414062,103.9820785522461,87.03981781005861
2801,cut3,2801,POPC,191,104.79737091064453,11.85832405090332,93.9906997680664
2801,cut3,2801,POPC,192,179.9304962158203,130.648681640625,80.66974639892578
2801,cut3,2801,POPC,193,51.23308181762695,175.4689483642578,82.24774169921875
2801,cut3,2801,POPC,194,118.77851104736328,71.3433609008789,74.41639709472656
2801,cut3,2801,POPC,195,182.41012573242188,184.7226104736328,44.97321701049805
2801,cut3,2801,POPC,196,39.20806884765625,41.16394805908203,94.2353286743164
2801,cut3,2801,POPC,197,169.01434326171875,152.1884002685547,76.62728118896484
2801,cut3,2801,POPC,198,205.80532836914062,86.75173950195312,90.33271789550781
2801,cut3,2801,POPC,199,44.82588195800781,41.800594329833984,92.19096374511719
2801,cut3,2801,POPC,200,17.694557189941406,54.56344223022461,94.09146118164062
2801,cut3,2801,POPC,201,208.90000915527344,57.60143661499024,96.93141174316406
2801,cut3,2801,POPC,202,192.9174346923828,177.90945434570312,88.96011352539062
2801,cut3,2801,POPC,203,123.76296997070312,188.88768005371094,74.40785217285156
2801,cut3,2801,POPC,204,215.53147888183594,216.2514190673828,87.73917388916016
2801,cut3,2801,POPC,205,57.038509368896484,169.11566162109375,80.20783233642578
2801,cut3,2801,POPC,206,201.40298461914062,94.07289123535156,88.64432525634766
2801,cut3,2801,POPC,207,11.100147247314453,1.9123674631118774,90.81470489501953
2801,cut3,2801,POPC,208,193.13710021972656,30.211101531982422,94.88673400878906
2801,cut3,2801,POPC,209,46.494503021240234,161.5028533935547,84.89639282226562
2801,cut3,2801,POPC,210,68.92129516601562,61.391998291015625,88.59228515625
2801,cut3,2801,POPC,211,60.07511520385742,153.67315673828125,78.32229614257812
2801,cut3,2801,POPC,212,161.72183227539062,154.37411499023438,74.33563232421875
2801,cut3,2801,POPC,213,174.5985565185547,122.68535614013672,80.17877960205078
2801,cut3,2801,POPC,214,27.179569244384766,63.215290069580085,90.5958023071289
2801,cut3,2801,POPC,215,88.45829772949219,40.69770431518555,90.86225128173828
2801,cut3,2801,POPC,216,38.27232360839844,-5.922122001647949,85.42477416992188
2801,cut3,2801,POPC,217,36.8097038269043,83.61382293701172,91.59355163574219
2801,cut3,2801,POPC,218,99.24967956542969,106.9454116821289,86.29871368408203
2801,cut3,2801,POPC,219,37.472801208496094,57.84846878051758,91.30660247802734
2801,cut3,2801,POPC,220,140.21261596679688,168.45040893554688,74.69214630126953
2801,cut3,2801,POPC,221,12.538429260253908,173.8784942626953,81.49259185791016
2801,cut3,2801,POPC,222,12.979089736938477,141.3543701171875,81.35897064208984
2801,cut3,2801,POPC,223,109.9234390258789,34.68130874633789,93.07380676269531
2801,cut3,2801,POPC,224,136.5670166015625,131.8148956298828,71.85111999511719
2801,cut3,2801,POPC,225,161.9503173828125,191.74111938476562,80.36135864257812
2801,cut3,2801,POPC,226,157.01104736328125,175.22283935546875,43.13600158691406
2801,cut3,2801,POPC,227,132.8479461669922,142.8565216064453,68.27170562744139
2801,cut3,2801,POPC,228,77.77942657470703,200.37197875976562,86.10150146484376
2801,cut3,2801,POPC,229,201.1416015625,187.2185516357422,88.0285873413086
2801,cut3,2801,POPC,230,93.22099304199219,95.77425384521484,86.4565200805664
2801,cut3,2801,POPC,231,124.42657470703125,140.82415771484375,71.33113098144531
2801,cut3,2801,POPC,232,128.88302612304688,7.822112083435059,94.13565063476562
2801,cut3,2801,POPC,233,9.985437393188477,215.51071166992188,86.67257690429688
2801,cut3,2801,POPC,234,210.30670166015622,222.4824676513672,91.20664978027344
2801,cut3,2801,POPC,235,55.10578536987305,180.83999633789062,84.64922332763672
2801,cut3,2801,POPC,236,164.52392578125,79.95258331298828,92.7458724975586
2801,cut3,2801,POPC,237,139.46778869628906,61.80385971069336,76.78141021728516
2801,cut3,2801,POPC,238,70.1748046875,216.51132202148438,88.2851333618164
2801,cut3,2801,POPC,239,45.17258834838867,7.497597694396973,89.58292388916016
2801,cut3,2801,POPC,240,128.68447875976562,86.4930419921875,71.22561645507812
2801,cut3,2801,POPC,241,96.94129180908203,62.65142059326172,49.338130950927734
2801,cut3,2801,POPC,242,22.39470672607422,205.6987762451172,83.94502258300781
2801,cut3,2801,POPC,243,76.11300659179688,55.429378509521484,87.7586898803711
2801,cut3,2801,POPC,244,2.2871553897857666,43.45536804199219,91.63119506835938
2801,cut3,2801,POPC,245,136.2696075439453,33.08845138549805,85.94245147705078
2801,cut3,2801,POPC,246,161.16110229492188,85.78959655761719,86.61490631103516
2801,cut3,2801,POPC,247,158.8251953125,90.8031997680664,84.93790435791016
2801,cut3,2801,POPC,248,115.29669189453125,31.440034866333008,93.96053314208984
2801,cut3,2801,POPC,249,29.846668243408203,158.39984130859375,83.04973602294922
2801,cut3,2801,POPC,250,159.37542724609375,180.3546905517578,80.47586059570312
2801,cut3,2801,POPC,251,17.052440643310547,175.16259765625,85.27554321289062
2801,cut3,2801,POPC,252,151.1650390625,55.21443939208985,80.07921600341797
2801,cut3,2801,POPC,253,195.24046325683594,80.14148712158203,95.28742980957031
2801,cut3,2801,POPC,254,55.2879524230957,87.79096221923828,90.76123809814453
2801,cut3,2801,POPC,255,198.23611450195312,69.50688934326172,95.50431823730469
2801,cut3,2801,POPC,256,88.72102355957031,68.92893981933594,85.2633285522461
2801,cut3,2801,POPC,257,170.8948211669922,84.12789154052734,85.94554138183594
2801,cut3,2801,POPC,258,147.80752563476562,126.93716430664062,73.50463104248047
2801,cut3,2801,POPC,259,100.87633514404297,76.64588165283203,78.71817016601562
2801,cut3,2801,POPC,260,191.92495727539062,169.08242797851562,83.79244995117188
2801,cut3,2801,POPC,261,160.38877868652344,147.25682067871094,70.93924713134766
2801,cut3,2801,POPC,262,184.6126251220703,11.082341194152832,97.66753387451172
2801,cut3,2801,POPC,263,50.641239166259766,124.10626220703125,77.46217346191406
2801,cut3,2801,POPC,264,55.72306442260742,119.8397216796875,75.53665161132812
2801,cut3,2801,POPC,265,39.573394775390625,182.05934143066406,83.97657775878906
2801,cut3,2801,POPC,266,145.5437927246094,61.30300521850586,78.346435546875
2801,cut3,2801,POPC,267,168.7866668701172,146.2305450439453,78.49494171142578
2801,cut3,2801,POPC,268,163.73724365234375,131.9124298095703,35.24126052856445
2801,cut3,2801,POPC,269,135.98141479492188,58.55531311035156,81.4784927368164
2801,cut3,2801,POPC,270,130.29275512695312,39.39371871948242,86.34339904785156
2801,cut3,2801,POPC,271,75.8056869506836,209.07711791992188,87.08599853515625
2801,cut3,2801,POPC,272,22.427478790283203,163.4873046875,82.5434799194336
2801,cut3,2801,POPC,273,112.89371490478516,72.67041015625,76.40080261230469
2801,cut3,2801,POPC,274,133.52903747558594,165.54937744140625,73.9133529663086
2801,cut3,2801,POPC,275,76.82662963867188,36.28739929199219,91.00701904296875
2801,cut3,2801,POPC,276,210.55006408691406,5.973763465881348,91.54447937011719
2801,cut3,2801,POPC,277,133.10452270507812,178.85926818847656,67.42161560058594
2801,cut3,2801,POPC,278,9.273897171020508,42.43916320800781,92.7669677734375
2801,cut3,2801,POPC,279,131.8542938232422,128.552734375,68.48941802978516
2801,cut3,2801,POPC,280,75.18368530273438,129.15390014648438,70.65430450439453
2801,cut3,2801,POPC,281,190.30560302734375,16.858535766601562,96.95244598388672
2801,cut3,2801,POPC,282,199.9679718017578,29.395763397216797,96.32363891601562
2801,cut3,2801,POPC,283,63.18355178833008,178.31329345703125,86.2508544921875
2801,cut3,2801,POPC,284,45.80549621582031,205.64968872070312,82.705078125
2801,cut3,2801,POPC,285,66.06446838378906,30.32493782043457,93.20072174072266
2801,cut3,2801,POPC,286,111.43589782714844,12.761185646057129,93.17955017089844
2801,cut3,2801,POPC,287,169.6322784423828,2.383787155151367,100.42294311523438
2801,cut3,2801,POPC,288,13.688447952270508,65.25760650634766,94.38140869140625
2801,cut3,2801,POPC,289,145.76675415039065,63.19698715209961,39.059791564941406
2801,cut3,2801,POPC,290,101.9779052734375,35.0265007019043,88.9791259765625
2801,cut3,2801,POPC,291,41.480655670166016,78.00000762939453,91.8873519897461
2801,cut3,2801,POPC,292,212.24298095703125,164.2881317138672,83.50912475585938
2801,cut3,2801,POPC,293,214.87294006347656,51.511253356933594,95.31495666503906
2801,cut3,2801,POPC,294,83.16878509521484,219.23313903808594,83.68060302734375
2801,cut3,2801,POPC,295,103.03387451171875,23.54078483581543,91.93169403076172
2801,cut3,2801,POPC,296,72.66390991210938,81.65837860107422,92.95510864257812
2801,cut3,2801,POPC,297,12.217126846313477,182.51547241210938,81.78999328613281
2801,cut3,2801,POPC,298,78.57884979248047,4.340329170227051,87.3622817993164
2801,cut3,2801,POPC,299,11.242168426513672,13.449856758117676,94.76301574707031
2801,cut3,2801,POPC,300,64.32068634033203,85.47174072265625,94.04194641113281
2801,cut3,2801,POPC,301,86.43901824951172,32.952396392822266,88.75120544433594
2801,cut3,2801,POPC,302,123.10369873046875,50.994285583496094,86.55919647216797
2801,cut3,2801,POPC,303,20.73888397216797,191.71617126464844,85.8914794921875
2801,cut3,2801,POPC,304,185.4378204345703,3.795816421508789,98.51564025878906
2801,cut3,2801,POPC,305,13.181564331054688,71.13240814208984,93.9136734008789
2801,cut3,2801,POPC,306,188.5780487060547,123.23428344726562,84.64453887939453
2801,cut3,2801,POPC,307,195.8470916748047,46.21921157836914,97.65878295898438
2801,cut3,2801,POPC,308,6.936887741088867,173.88168334960938,82.9724349975586
2801,cut3,2801,POPC,309,201.28729248046875,218.40785217285156,91.17626953125
2801,cut3,2801,POPC,310,193.2632293701172,-2.7488436698913574,92.09931945800781
2801,cut3,2801,POPC,311,95.53759002685547,214.91322326660156,89.62822723388672
2801,cut3,2801,POPC,312,134.63815307617188,221.18597412109375,93.5196762084961
2801,cut3,2801,POPC,313,83.19424438476562,131.93161010742188,69.29156494140625
2801,cut3,2801,POPC,314,58.10239028930664,73.10777282714844,93.3692855834961
2801,cut3,2801,POPC,315,62.03836441040039,118.20512390136719,76.70780944824217
2801,cut3,2801,POPC,316,104.21791076660156,96.46585845947266,82.3109359741211
2801,cut3,2801,POPC,317,31.18498992919922,58.164772033691406,93.3899154663086
2801,cut3,2801,POPC,318,114.20428466796875,199.4541473388672,90.68772888183594
2801,cut3,2801,POPC,319,62.225521087646484,93.67426300048828,89.00670623779297
2801,cut3,2801,POPC,320,196.27684020996094,197.293701171875,90.66109466552734
2801,cut3,2801,POPC,321,26.879295349121094,28.72522735595703,91.72196960449219
2801,cut3,2801,POPC,322,54.22096633911133,188.794921875,84.65872955322266
2801,cut3,2801,POPC,323,32.62577819824219,13.563159942626953,95.40550994873047
2801,cut3,2801,POPC,324,174.46502685546875,210.3181457519531,90.5135726928711
2801,cut3,2801,POPC,325,91.78138732910156,24.468791961669922,88.82759857177734
2801,cut3,2801,POPC,326,29.967079162597656,125.47476196289062,82.30860900878906
2801,cut3,2801,POPC,327,181.61776733398438,190.32005310058594,86.32705688476562
2801,cut3,2801,POPC,328,179.74256896972656,71.0942840576172,95.3672103881836
2801,cut3,2801,POPC,329,85.78160858154297,19.485424041748047,88.55237579345703
2801,cut3,2801,POPC,330,26.788703918457035,42.876251220703125,94.78590393066406
2801,cut3,2801,POPC,331,7.622350692749023,62.36573791503906,94.21744537353516
2801,cut3,2801,POPC,332,127.1589126586914,208.9071807861328,92.3343276977539
2801,cut3,2801,POPC,333,142.39903259277344,72.94483184814453,71.58683013916016
2801,cut3,2801,POPC,334,13.551965713500977,77.67658996582031,89.02690887451172
2801,cut3,2801,POPC,335,164.6683807373047,-0.8134056925773621,99.30172729492188
2801,cut3,2801,POPC,336,169.2864685058594,125.44287109374999,75.1536865234375
2801,cut3,2801,POPC,337,2.512521982192993,4.847275733947754,52.92293930053711
2801,cut3,2801,POPC,338,134.5109100341797,46.604583740234375,87.39619445800781
2801,cut3,2801,POPC,339,54.254940032958984,61.75104904174805,94.06101989746094
2801,cut3,2801,POPC,340,147.56837463378906,151.9739532470703,70.6767578125
2801,cut3,2801,POPC,341,203.41265869140625,180.51304626464844,85.77312469482422
2801,cut3,2801,POPC,342,62.203617095947266,11.891075134277344,91.19831848144531
2801,cut3,2801,POPC,343,150.23825073242188,140.1767578125,72.70320892333984
2801,cut3,2801,POPC,344,103.79442596435547,55.90143585205078,83.66735076904297
2801,cut3,2801,POPC,345,116.57950592041016,193.13204956054688,91.97415161132812
2801,cut3,2801,POPC,346,87.52778625488281,47.2117805480957,89.71137237548828
2801,cut3,2801,POPC,347,33.86461639404297,162.08509826660156,85.18655395507812
2801,cut3,2801,POPC,348,181.65025329589844,155.40902709960938,86.45686340332031
2801,cut3,2801,POPC,349,189.7949981689453,116.28656005859375,86.12415313720703
2801,cut3,2801,POPC,350,134.7878875732422,155.9871368408203,74.1515884399414
2801,cut3,2801,POPC,351,147.40841674804688,176.4730224609375,76.50749206542969
2801,cut3,2801,POPC,352,27.932571411132812,143.09718322753906,83.73019409179688
2801,cut3,2801,POPC,353,78.185302734375,221.51998901367188,85.153076171875
2801,cut3,2801,POPC,354,127.39540100097656,116.0697021484375,74.5620346069336
2801,cut3,2801,POPC,355,56.10282516479492,109.13676452636719,73.09705352783203
2801,cut3,2801,POPC,356,136.18798828125,78.44551849365234,68.4170913696289
2801,cut3,2801,POPC,357,185.5470428466797,147.12460327148438,82.28019714355469
2801,cut3,2801,POPC,358,4.680707931518555,210.1387176513672,87.94491577148438
2801,cut3,2801,POPC,359,170.98435974121094,22.983230590820312,102.03004455566406
2801,cut3,2801,POPC,360,176.863525390625,77.07180786132812,93.1807632446289
2801,cut3,2801,POPC,361,60.90964889526367,190.4860382080078,85.71250152587889
2801,cut3,2801,POPC,362,24.84612274169922,166.60031127929688,88.3818588256836
2801,cut3,2801,POPC,363,37.35784912109375,0.41576093435287476,88.26741027832031
2801,cut3,2801,POPC,364,21.168701171875004,72.27202606201172,91.06415557861328
2801,cut3,2801,POPC,365,24.299327850341797,6.852504730224609,96.69086456298828
2801,cut3,2801,POPC,366,113.34709930419922,59.952232360839844,80.64667510986328
2801,cut3,2801,POPC,367,121.67472839355469,93.36665344238281,68.60739898681639
2801,cut3,2801,POPC,368,178.57884216308594,146.19207763671875,77.92575073242186
2801,cut3,2801,POPC,369,4.3113250732421875,37.86811447143555,94.09762573242188
2801,cut3,2801,POPC,370,204.65809631347656,69.23411560058594,96.47998809814453
2801,cut3,2801,POPC,371,183.10061645507812,166.16268920898438,83.43640899658203
2801,cut3,2801,POPC,372,59.603031158447266,49.8719367980957,90.65033721923828
2801,cut3,2801,POPC,373,14.732589721679688,121.35775756835938,77.6640625
2801,cut3,2801,POPC,374,173.53622436523438,140.212646484375,77.6352767944336
2801,cut3,2801,POPC,375,131.70436096191406,73.840087890625,73.1248779296875
2801,cut3,2801,POPC,376,31.63808822631836,48.44413375854492,95.0060806274414
2801,cut3,2801,POPC,377,86.54706573486327,125.58763885498047,74.24202728271484
2801,cut3,2801,POPC,378,209.56703186035156,38.093467712402344,93.44344329833984
2801,cut3,2801,POPC,379,157.84768676757812,17.661897659301758,91.34027099609375
2801,cut3,2801,POPC,380,171.99520874023438,9.762158393859863,99.10369873046875
2801,cut3,2801,POPC,381,52.365230560302734,160.1790008544922,81.15746307373047
2801,cut3,2801,POPC,382,33.35490036010742,148.69851684570312,82.36257934570312
2801,cut3,2801,POPC,383,93.72862243652344,67.14183807373047,87.50015258789062
2801,cut3,2801,POPC,384,144.54078674316406,123.65093994140625,37.038265228271484
2801,cut3,2801,POPC,385,72.41011810302734,135.9646453857422,75.75472259521484
2801,cut3,2801,POPC,386,5.75737190246582,3.277759552001953,92.75239562988281
2801,cut3,2801,POPC,387,120.84703063964844,133.5432586669922,73.05278778076172
2801,cut3,2801,POPC,388,180.6300811767578,210.8274688720703,94.00885009765625
2801,cut3,2801,POPC,389,38.954925537109375,69.87214660644531,90.23392486572266
2801,cut3,2801,POPC,390,197.72198486328125,173.3848876953125,86.23381805419922
2801,cut3,2801,POPC,391,131.1001434326172,80.76921844482422,73.23625946044922
2801,cut3,2801,POPC,392,185.23599243164062,174.55535888671875,84.13487243652344
2801,cut3,2801,POPC,393,162.7421569824219,183.97344970703122,84.2247314453125
2801,cut3,2801,POPC,394,73.64260101318361,16.040098190307617,88.12100219726562
2801,cut3,2801,POPC,395,109.78575134277344,61.125633239746094,85.10397338867188
2801,cut3,2801,POPC,396,105.55890655517578,150.6790008544922,75.64959716796875
2801,cut3,2801,POPC,397,116.86199951171875,18.972461700439453,93.22380828857422
2801,cut3,2801,POPC,398,15.307689666748047,48.24612045288086,94.5049057006836
2801,cut3,2801,POPC,399,70.54179382324219,73.86930847167969,88.45625305175781
2801,cut3,2801,POPC,400,151.8314971923828,44.378170013427734,85.16114044189453
2801,cut3,2801,POPC,401,149.76766967773438,3.537510395050049,95.67435455322266
2801,cut3,2801,POPC,402,155.01568603515628,221.03802490234375,101.04380798339844
2801,cut3,2801,POPC,403,56.27595138549805,13.384033203125,88.94450378417967
2801,cut3,2801,POPC,404,42.574275970458984,215.46559143066406,85.33985900878906
2801,cut3,2801,POPC,405,102.27030944824219,121.76594543457031,77.77081298828125
2801,cut3,2801,POPC,406,58.6831169128418,220.4228515625,89.21284484863281
2801,cut3,2801,POPC,407,60.08145523071289,213.1132354736328,86.3717269897461
2801,cut3,2801,POPC,408,82.29530334472656,12.904553413391113,90.5516357421875
2801,cut3,2801,POPC,409,83.71878051757812,65.56693267822266,86.97689819335938
2801,cut3,2801,POPC,410,40.443145751953125,156.719482421875,83.24866485595703
2801,cut3,2801,POPC,411,120.03800201416016,4.934561252593994,93.47805786132812
2801,cut3,2801,POPC,412,157.2941436767578,113.3435287475586,78.71961975097656
2801,cut3,2801,POPC,413,115.70684051513672,155.94882202148438,66.40199279785156
2801,cut3,2801,POPC,414,50.729488372802734,217.59657287597656,88.09687805175781
2801,cut3,2801,POPC,415,111.78533172607422,67.59169006347656,80.9925308227539
2801,cut3,2801,POPC,416,20.377056121826172,22.700199127197266,92.15560913085938
2801,cut3,2801,POPC,417,175.5408935546875,81.80622100830078,89.43386840820312
2801,cut3,2801,POPC,418,184.84661865234378,86.52045440673828,93.03990173339844
2801,cut3,2801,POPC,419,184.26776123046875,61.96128463745117,94.79093170166016
2801,cut3,2801,POPC,420,136.78976440429688,70.2011947631836,72.37635803222656
2801,cut3,2801,POPC,421,197.6092834472656,18.06772232055664,95.60149383544922
2801,cut3,2801,POPC,422,182.71189880371094,80.75867462158203,88.97837829589844
2801,cut3,2801,POPC,423,10.283111572265625,158.1290283203125,83.03726196289062
2801,cut3,2801,POPC,424,43.52574920654297,19.80278968811035,97.17333221435547
2801,cut3,2801,POPC,425,140.953125,159.72764587402344,70.0597457885742
2801,cut3,2801,POPC,426,3.4566099643707275,16.120149612426758,95.60784912109375
2801,cut3,2801,POPC,427,173.83895874023438,178.83056640625,80.67925262451172
2801,cut3,2801,POPC,428,164.13897705078125,162.08383178710938,76.78643798828125
2801,cut3,2801,POPC,429,90.27520751953125,173.2667236328125,80.19461059570312
2801,cut3,2801,POPC,430,1.738739252090454,191.24127197265625,90.35989379882812
2801,cut3,2801,POPC,431,206.8992156982422,48.889251708984375,95.24783325195312
2801,cut3,2801,POPC,432,139.5557403564453,223.57008361816406,91.61622619628906
2801,cut3,2801,POPC,433,146.98561096191406,108.12317657470703,82.18756103515625
2801,cut3,2801,POPC,434,22.017776489257812,212.11050415039062,84.22640991210938
2801,cut3,2801,POPC,435,155.5380859375,130.48667907714844,72.02243041992188
2801,cut3,2801,POPC,436,87.6714096069336,152.9430694580078,72.83879852294922
2801,cut3,2801,POPC,437,126.23387908935547,121.35649871826172,71.89570617675781
2801,cut3,2801,POPC,438,59.14363479614258,98.92962646484375,83.8965835571289
2801,cut3,2801,POPC,439,61.39822769165039,164.9900360107422,81.32019805908203
2801,cut3,2801,POPC,440,77.89723205566406,87.57036590576172,89.2440414428711
2801,cut3,2801,POPC,441,27.520885467529297,92.05540466308594,91.6058578491211
2801,cut3,2801,POPC,442,189.68463134765625,66.91283416748047,94.56713104248047
2801,cut3,2801,POPC,443,65.88531494140625,67.81507873535156,90.45590209960938
2801,cut3,2801,POPC,444,79.88736724853516,75.70030975341797,89.60611724853516
2801,cut3,2801,POPC,445,91.3825912475586,190.5979766845703,83.16419219970703
2801,cut3,2801,POPC,446,93.304443359375,208.93893432617185,85.47888946533203
2801,cut3,2801,POPC,447,194.46697998046875,23.334571838378906,95.7931137084961
2801,cut3,2801,POPC,448,84.29066467285156,209.3779754638672,84.24681854248047
2801,cut3,2801,POPC,449,53.72089767456055,47.833824157714844,54.54863739013672
2801,cut3,2801,POPC,450,210.3128662109375,67.20885467529297,94.76854705810547
2801,cut3,2801,POPC,451,102.39557647705078,46.95749282836914,91.0855712890625
2801,cut3,2801,POPC,452,13.96453857421875,210.80130004882812,49.23099899291992
2801,cut3,2801,POPC,453,20.783180236816406,198.36830139160156,88.80010223388672
2801,cut3,2801,POPC,454,50.118350982666016,145.49256896972656,80.9372329711914
2801,cut3,2801,POPC,455,138.1258544921875,172.3248291015625,69.42172241210938
2801,cut3,2801,POPC,456,173.07371520996094,94.81177520751953,84.37702178955078
2801,cut3,2801,POPC,457,54.8976936340332,54.90044021606445,91.15299224853516
2801,cut3,2801,POPC,458,57.048931121826165,145.77293395996094,80.2221450805664
2801,cut3,2801,POPC,459,199.9550323486328,50.4589958190918,94.84967803955078
2801,cut3,2801,POPC,460,182.5546417236328,47.965999603271484,94.1773910522461
2801,cut3,2801,POPC,461,111.4703903198242,84.53815460205078,74.52347564697266
2801,cut3,2801,POPC,462,62.54082107543945,3.9806995391845703,91.36052703857422
2801,cut3,2801,POPC,463,18.016265869140625,181.72857666015625,83.84501647949219
2801,cut3,2801,POPC,464,209.27337646484375,215.04481506347656,90.51213073730469
2801,cut3,2801,POPC,465,66.39142608642578,148.32875061035156,77.10041809082031
2801,cut3,2801,POPC,466,17.33224868774414,15.916759490966797,94.54904937744142
2801,cut3,2801,POPC,467,16.857433319091797,137.03834533691406,82.1558837890625
2801,cut3,2801,POPC,468,97.85932159423828,183.05996704101562,80.75563049316406
2801,cut3,2801,POPC,469,68.86585998535156,143.0491180419922,78.65266418457031
2801,cut3,2801,POPC,470,186.5438232421875,134.5789031982422,86.5842514038086
2801,cut3,2801,POPC,471,183.19668579101562,28.840316772460938,100.04762268066406
2801,cut3,2801,POPC,472,88.38037872314453,160.11613464355466,77.35977935791016
2801,cut3,2801,POPC,473,63.611942291259766,61.992244720458984,91.4966354370117
2801,cut3,2801,POPC,474,25.445911407470703,150.22525024414062,85.44449615478516
2801,cut3,2801,POPC,475,171.22286987304688,160.57498168945312,79.98773193359375
2801,cut3,2801,POPC,476,141.99398803710938,46.8687629699707,82.25123596191406
2801,cut3,2801,POPC,477,27.86996078491211,121.39212799072266,78.95670318603516
2801,cut3,2801,POPC,478,138.9295654296875,149.63462829589844,70.02335357666016
2801,cut3,2801,POPC,479,143.5239715576172,184.22596740722656,76.75411987304688
2801,cut3,2801,POPC,480,169.2210235595703,115.44639587402344,78.80462646484375
2801,cut3,2801,POPC,481,39.24067687988281,7.673172950744629,90.89540100097656
2801,cut3,2801,POPC,482,82.3469467163086,178.2094268798828,83.7191162109375
2801,cut3,2801,POPC,483,63.79314041137695,159.8689422607422,80.5883102416992
2801,cut3,2801,POPC,484,51.68229293823242,95.85774993896484,85.31763458251953
2801,cut3,2801,POPC,485,74.56764221191406,149.61903381347656,77.64849853515625
2801,cut3,2801,POPC,486,159.49539184570312,10.693775177001953,95.44700622558594
2801,cut3,2801,POPC,487,75.23160552978516,185.95474243164062,85.89783477783203
2801,cut3,2801,POPC,488,56.92412185668945,196.89193725585938,86.60716247558594
2801,cut3,2801,POPC,489,86.00704193115234,165.56723022460938,81.27727508544922
2801,cut3,2801,POPC,490,151.8994903564453,123.92002868652344,79.39098358154297
2801,cut3,2801,POPC,491,151.60763549804688,187.92507934570315,80.80192565917969
2801,cut3,2801,POPC,492,124.8600845336914,39.637691497802734,48.48209762573242
2801,cut3,2801,POPC,493,50.961673736572266,82.12606048583984,90.12653350830078
2801,cut3,2801,POPC,494,16.089927673339844,9.085558891296387,95.14895629882812
2801,cut3,2801,POPC,495,127.17487335205078,158.56805419921875,73.25763702392578
2801,cut3,2801,POPC,496,133.02371215820312,22.849111557006836,92.47896575927734
2801,cut3,2801,POPC,497,109.81868743896484,210.7371826171875,91.28448486328125
2801,cut3,2801,POPC,498,116.55303955078125,205.69850158691406,92.31317901611328
2801,cut3,2801,POPC,499,27.0386962890625,205.13861083984375,80.91973876953125
2801,cut3,2801,POPC,500,101.62882232666016,40.399078369140625,91.70352172851562
2801,cut3,2801,POPC,501,54.34037399291992,139.56600952148438,79.32328033447266
2801,cut3,2801,POPC,502,176.89390563964844,158.51876831054688,79.2928237915039
2801,cut3,2801,POPC,503,131.0272979736328,57.25169372558594,86.52740478515625
2801,cut3,2801,POPC,504,23.734649658203125,136.97959899902347,81.95947265625
2801,cut3,2801,POPC,505,129.9469451904297,50.442100524902344,85.79521942138672
2801,cut3,2801,POPC,506,117.18574523925781,39.713558197021484,88.88687896728516
2801,cut3,2801,POPC,507,173.9894256591797,32.41566467285156,99.01679992675781
2801,cut3,2801,POPC,508,126.9891128540039,127.67120361328125,71.68492889404297
2801,cut3,2801,POPC,509,14.261787414550781,164.1512908935547,84.15656280517578
2801,cut3,2801,POPC,510,69.5466079711914,55.1851921081543,87.7397232055664
2801,cut3,2801,POPC,511,172.0319061279297,74.64569091796875,91.96495056152344
2801,cut3,2801,POPC,512,93.40015411376953,199.24519348144534,84.76685333251953
2801,cut3,2801,POPC,513,84.5737533569336,2.778137683868408,83.82039642333984
2801,cut3,2801,POPC,514,75.52403259277344,24.802135467529297,92.20846557617188
2801,cut3,2801,POPC,515,171.65957641601562,217.5303497314453,96.92818450927734
2801,cut3,2801,POPC,516,180.30690002441406,95.36286163330078,82.70111083984375
2801,cut3,2801,POPC,517,92.36128997802734,5.6565093994140625,87.2267837524414
2801,cut3,2801,POPC,518,8.982732772827148,18.47962188720703,94.35897064208984
2801,cut3,2801,POPC,519,21.23155975341797,40.971920013427734,92.65567016601562
2801,cut3,2801,POPC,520,109.45455932617188,90.46660614013672,75.51143646240234
2801,cut3,2801,POPC,521,67.21062469482422,21.463369369506836,93.76737976074219
2801,cut3,2801,POPC,522,206.7711181640625,11.61115550994873,93.65792846679688
2801,cut3,2801,POPC,523,199.7147216796875,192.84017944335938,91.33250427246092
2801,cut3,2801,POPC,524,0.58095383644104,197.25843811035156,90.30768585205078
2801,cut3,2801,POPC,525,185.1079864501953,129.4195098876953,80.9256362915039
2801,cut3,2801,POPC,526,16.496505737304688,29.245410919189453,95.12288665771484
2801,cut3,2801,POPC,527,38.66204071044922,204.78497314453125,81.37926483154297
2801,cut3,2801,POPC,528,7.439613342285156,72.080810546875,93.09857940673828
2801,cut3,2801,POPC,529,19.879520416259766,65.94403076171875,89.7158203125
2801,cut3,2801,POPC,530,178.59561157226562,88.89574432373047,85.32057189941406
2801,cut3,2801,POPC,531,176.29766845703125,17.124507904052734,101.51807403564453
2801,cut3,2801,POPC,532,139.33087158203125,39.27335739135742,85.74015808105467
2801,cut3,2801,POPC,533,69.03263092041016,207.13461303710938,86.36427307128906
2801,cut3,2801,POPC,534,65.12210083007812,42.85976791381836,92.45902252197266
2801,cut3,2801,POPC,535,104.61041259765626,69.54619598388672,80.26695251464844
2801,cut3,2801,POPC,536,162.5607147216797,15.588003158569336,98.22013854980469
2801,cut3,2801,POPC,537,92.51666259765625,145.5418243408203,76.77860260009766
2801,cut3,2801,POPC,538,81.3238525390625,138.9562072753906,72.95006561279297
2801,cut3,2801,POPC,539,108.93041229248047,77.47745513916016,75.35523986816406
2801,cut3,2801,POPC,540,57.9304084777832,80.88661193847658,89.47541046142578
2801,cut3,2801,POPC,541,119.20289611816406,65.18045043945312,80.06207275390625
2801,cut3,2801,POPC,542,161.43545532226562,209.94754028320312,97.5232162475586
2801,cut3,2801,POPC,543,33.2015495300293,32.01582336425781,93.14311218261719
2801,cut3,2801,POPC,544,112.19103240966797,94.61112976074219,76.47852325439453
2801,cut3,2801,POPC,545,206.9698028564453,174.3223419189453,83.69583129882812
2801,cut3,2801,POPC,546,208.55552673339844,183.9367218017578,86.77034759521484
2801,cut3,2801,POPC,547,82.3958969116211,98.49382019042969,78.6247329711914
2801,cut3,2801,POPC,548,74.27818298339844,195.7505340576172,87.2426528930664
2801,cut3,2801,POPC,549,189.8998260498047,190.2313690185547,88.51071166992188
2801,cut3,2801,POPC,550,96.47514343261719,148.63868713378906,72.97679901123047
2801,cut3,2801,POPC,551,81.01641082763673,125.35791015625,70.09446716308594
2801,cut3,2801,POPC,552,57.28818130493164,127.21666717529297,77.90045928955078
2801,cut3,2801,POPC,553,49.22243881225586,62.186683654785156,90.37832641601562
2801,cut3,2801,POPC,554,206.3935546875,27.898069381713867,93.29370880126953
2801,cut3,2801,POPC,555,1.926241159439087,153.46688842773438,82.06583404541016
2801,cut3,2801,POPC,556,54.6938362121582,97.07888793945312,53.87868118286133
2801,cut3,2801,POPC,557,124.9412384033203,216.2196502685547,93.45266723632812
2801,cut3,2801,POPC,558,48.72089767456055,30.33344841003418,96.84903717041016
2801,cut3,2801,POPC,559,208.201416015625,80.53299713134764,91.511474609375
2801,cut3,2801,POPC,560,138.83837890625,114.68270874023438,78.44571685791016
2801,cut3,2801,POPC,561,107.25740051269531,190.3627471923828,78.5286865234375
2801,cut3,2801,POPC,562,182.2708740234375,101.51258850097656,84.700439453125
2801,cut3,2801,POPC,563,32.212379455566406,116.54774475097656,79.8779067993164
2801,cut3,2801,POPC,564,126.50254821777344,166.17880249023438,74.48360443115234
2801,cut3,2801,POPC,565,78.36518096923828,215.2030029296875,85.58338165283203
2801,cut3,2801,POPC,566,177.17044067382812,174.08004760742188,84.02790832519531
2801,cut3,2801,POPC,567,194.45176696777344,87.73087310791016,55.361083984375
2801,cut3,2801,POPC,568,69.72583770751953,37.04466247558594,94.25196838378906
2801,cut3,2801,POPC,569,51.337581634521484,17.387197494506836,94.06781768798828
2801,cut3,2801,POPC,570,168.48251342773438,92.07027435302734,87.65351867675781
2801,cut3,2801,POPC,571,210.9378662109375,129.20933532714844,84.18234252929688
2801,cut3,2801,POPC,572,17.98635482788086,202.48715209960938,86.5545883178711
2801,cut3,2801,POPC,573,30.184818267822266,134.0625457763672,82.4945068359375
2801,cut3,2801,POPC,574,63.88554763793945,125.69403839111328,78.91227722167969
2801,cut3,2801,POPC,575,94.86190795898438,37.6128044128418,47.62811279296875
2801,cut3,2801,POPC,576,85.42034149169922,77.96804809570312,89.16271209716797
2801,cut3,2801,POPC,577,7.623821258544922,195.7599334716797,88.525390625
2801,cut3,2801,POPC,578,38.26624298095703,197.1884002685547,82.0401840209961
2801,cut3,2801,POPC,579,144.24517822265625,192.14474487304688,79.22150421142578
2801,cut3,2801,POPC,580,150.2450408935547,98.16085815429688,85.2993621826172
2801,cut3,2801,POPC,581,18.15743637084961,115.25643920898438,76.05518341064453
2801,cut3,2801,POPC,582,4.386903762817383,179.77291870117188,84.5491943359375
2801,cut3,2801,POPC,583,162.1627655029297,106.8192367553711,81.07625579833984
2801,cut3,2801,POPC,584,101.70804595947266,0.48784273862838745,89.80463409423828
2801,cut3,2801,POPC,585,131.1183624267578,14.395500183105469,95.49946594238281
2801,cut3,2801,POPC,586,194.40687561035156,8.811739921569824,92.42784118652344
2801,cut3,2801,POPC,587,200.81944274902344,8.52332592010498,94.37545776367188
2801,cut3,2801,POPC,588,24.724933624267578,184.5572052001953,85.96844482421875
2801,cut3,2801,POPC,589,61.61149215698242,183.0476531982422,90.4200439453125
2801,cut3,2801,POPC,590,33.52957534790039,207.21018981933594,78.48751831054688
2801,cut3,2801,POPC,591,74.52428436279297,143.17115783691406,75.50164031982422
2801,cut3,2801,POPC,592,101.83013153076172,5.8183698654174805,94.95732879638672
2801,cut3,2801,POPC,593,38.20818328857422,187.7300262451172,81.48212432861328
2801,cut3,2801,POPC,594,18.957305908203125,222.42698669433594,50.68088912963867
2801,cut3,2801,POPC,595,156.45562744140625,138.46945190429688,70.38966369628906
2801,cut3,2801,POPC,596,32.11771011352539,198.73342895507812,82.97156524658203
2801,cut3,2801,POPC,597,99.36320495605469,18.24370002746582,93.17243957519531
2801,cut3,2801,POPC,598,30.843364715576172,219.4971923828125,87.26925659179688
2801,cut3,2801,POPC,599,43.82295227050781,-0.4555191993713379,87.88439178466797
2801,cut3,2801,POPC,600,48.89499282836914,133.3717803955078,80.93544769287108
2801,cut3,2801,POPC,601,31.653400421142578,212.24937438964844,81.47676849365234
2801,cut3,2801,POPC,602,84.81592559814453,145.87367248535156,74.86177825927734
2801,cut3,2801,POPC,603,26.00845718383789,85.05545806884766,91.92252349853516
2801,cut3,2801,POPC,604,6.921545028686523,203.58737182617188,89.06058502197266
2801,cut3,2801,POPC,605,106.91954803466797,90.65736389160156,80.8554916381836
2801,cut3,2801,POPC,606,159.98574829101562,166.98435974121094,76.8689193725586
2801,cut3,2801,POPC,607,124.1049575805664,170.8494110107422,71.29706573486328
2801,cut3,2801,POPC,608,129.17959594726562,93.39847564697266,34.86530303955078
2801,cut3,2801,POPC,609,200.97479248046875,59.12624740600586,56.19875717163086
2801,cut3,2801,POPC,610,98.07415771484375,177.5204620361328,39.747047424316406
2801,cut3,2801,POPC,611,174.94039916992188,155.4254913330078,49.211002349853516
2801,cut3,2801,POPC,612,39.54554748535156,59.16874694824219,55.264732360839844
2801,cut3,2801,POPC,613,169.93951416015625,180.07200622558594,45.224796295166016
2801,cut3,2801,POPC,614,146.75106811523438,128.43084716796875,37.20130920410156
2801,cut3,2801,POPC,615,143.44705200195312,0.2819783091545105,55.39860916137695
2801,cut3,2801,POPC,616,158.98483276367188,7.188666343688965,57.20672607421875
2801,cut3,2801,POPC,617,100.08404541015625,191.77687072753906,42.599483489990234
2801,cut3,2801,POPC,618,80.39630126953125,166.24842834472656,36.54654312133789
2801,cut3,2801,POPC,619,24.927486419677734,55.392024993896484,58.93341064453125
2801,cut3,2801,POPC,620,207.82630920410156,190.9288330078125,44.62428283691406
2801,cut3,2801,POPC,621,179.79571533203125,205.50743103027344,51.935264587402344
2801,cut3,2801,POPC,622,70.73279571533203,39.151493072509766,52.25528335571289
2801,cut3,2801,POPC,623,37.06889343261719,22.472944259643555,55.57265090942383
2801,cut3,2801,POPC,624,16.05816650390625,79.91836547851562,52.39760971069336
2801,cut3,2801,POPC,625,198.52874755859375,165.14466857910156,48.2093505859375
2801,cut3,2801,POPC,626,27.537567138671875,39.77082824707031,52.541114807128906
2801,cut3,2801,POPC,627,187.33787536621094,117.131591796875,46.00569534301758
2801,cut3,2801,POPC,628,122.53118896484375,208.9759979248047,53.54328918457031
2801,cut3,2801,POPC,629,177.96810913085938,191.27638244628906,49.93779373168945
2801,cut3,2801,POPC,630,176.36048889160156,105.7479248046875,43.80322265625
2801,cut3,2801,POPC,631,191.9840850830078,150.09454345703125,47.85169982910156
2801,cut3,2801,POPC,632,44.985897064208984,216.30665588378906,54.809486389160156
2801,cut3,2801,POPC,633,11.06376838684082,196.8634033203125,48.63356018066407
2801,cut3,2801,POPC,634,50.760135650634766,16.686471939086914,50.99769592285156
2801,cut3,2801,POPC,635,71.04077911376953,157.0704803466797,37.28512191772461
2801,cut3,2801,POPC,636,43.4853515625,149.97409057617188,42.42124938964844
2801,cut3,2801,POPC,637,91.71224212646484,114.56680297851562,49.40009689331055
2801,cut3,2801,POPC,638,42.8809814453125,27.18665313720703,55.17840576171875
2801,cut3,2801,POPC,639,96.92750549316406,31.86920738220215,46.89238357543945
2801,cut3,2801,POPC,640,206.77978515625,23.458772659301758,58.61864471435547
2801,cut3,2801,POPC,641,196.7543182373047,127.17569732666014,48.79265213012695
2801,cut3,2801,POPC,642,204.04225158691406,146.2264862060547,52.460933685302734
2801,cut3,2801,POPC,643,31.693466186523438,48.679466247558594,54.88121032714844
2801,cut3,2801,POPC,644,177.79745483398435,15.50676155090332,58.995201110839844
2801,cut3,2801,POPC,645,128.802490234375,144.57449340820312,31.69132423400879
2801,cut3,2801,POPC,646,200.3813934326172,65.46550750732422,55.93625259399414
2801,cut3,2801,POPC,647,190.20770263671875,99.49748992919922,53.11246871948242
2801,cut3,2801,POPC,648,33.10734558105469,36.06188201904297,53.77560806274414
2801,cut3,2801,POPC,649,190.7808380126953,142.43350219726562,51.01514434814453
2801,cut3,2801,POPC,650,176.33905029296875,21.824960708618164,63.25712585449219
2801,cut3,2801,POPC,651,195.47695922851562,193.84613037109375,43.28430938720703
2801,cut3,2801,POPC,652,76.35223388671875,183.5458221435547,40.863773345947266
2801,cut3,2801,POPC,653,41.00798034667968,74.13860321044922,55.540260314941406
2801,cut3,2801,POPC,654,190.03915405273438,125.305419921875,47.48331832885742
2801,cut3,2801,POPC,655,65.16217803955078,222.59307861328125,47.518516540527344
2801,cut3,2801,POPC,656,70.91593933105469,220.36465454101562,45.21188735961914
2801,cut3,2801,POPC,657,83.71926879882812,198.42581176757812,40.830833435058594
2801,cut3,2801,POPC,658,162.8046417236328,124.47601318359375,34.72459030151367
2801,cut3,2801,POPC,659,118.47764587402344,58.76070785522461,38.465553283691406
2801,cut3,2801,POPC,660,202.87550354003906,212.3264923095703,47.064781188964844
2801,cut3,2801,POPC,661,102.27727508544922,126.3798599243164,43.070552825927734
2801,cut3,2801,POPC,662,64.23897552490234,53.49039840698242,53.613075256347656
2801,cut3,2801,POPC,663,45.64599609375,175.33094787597656,49.88461685180664
2801,cut3,2801,POPC,664,31.46361541748047,23.884029388427734,55.607913970947266
2801,cut3,2801,POPC,665,80.93914794921875,15.899293899536133,52.08266830444336
2801,cut3,2801,POPC,666,73.87056732177734,177.50582885742185,41.05039978027344
2801,cut3,2801,POPC,667,57.2722053527832,166.3388671875,48.20112609863281
2801,cut3,2801,POPC,668,95.06444549560547,224.33546447753906,52.519493103027344
2801,cut3,2801,POPC,669,122.6501693725586,136.06927490234375,33.20580291748047
2801,cut3,2801,POPC,670,18.872554779052734,196.8846893310547,49.02912521362305
2801,cut3,2801,POPC,671,16.263771057128906,145.34567260742188,43.187870025634766
2801,cut3,2801,POPC,672,190.16287231445312,159.52212524414062,45.89882278442383
2801,cut3,2801,POPC,673,46.45486831665039,221.60549926757812,52.625125885009766
2801,cut3,2801,POPC,674,189.2993927001953,19.87146759033203,59.717506408691406
2801,cut3,2801,POPC,675,13.367307662963867,34.857269287109375,54.61637496948242
2801,cut3,2801,POPC,676,151.8591766357422,171.25296020507812,40.381011962890625
2801,cut3,2801,POPC,677,-2.403773069381714,54.72298049926758,55.7305908203125
2801,cut3,2801,POPC,678,35.222129821777344,70.65576171875,54.02821350097656
2801,cut3,2801,POPC,679,67.98194122314453,48.36445617675781,52.117515563964844
2801,cut3,2801,POPC,680,115.06696319580078,223.4304656982422,50.58900451660156
2801,cut3,2801,POPC,681,60.86601638793945,46.09354019165039,52.62508010864258
2801,cut3,2801,POPC,682,85.55049896240234,161.08152770996094,35.7450065612793
2801,cut3,2801,POPC,683,71.7005615234375,160.8816375732422,81.34138488769531
2801,cut3,2801,POPC,684,194.07589721679688,221.37306213378906,49.33522033691406
2801,cut3,2801,POPC,685,170.81529235839844,6.433805465698242,53.271488189697266
2801,cut3,2801,POPC,686,49.97981643676758,86.82445526123047,54.85152816772461
2801,cut3,2801,POPC,687,124.6900634765625,12.072904586791994,48.003662109375
2801,cut3,2801,POPC,688,74.90306091308594,12.281281471252441,49.73281478881836
2801,cut3,2801,POPC,689,196.33316040039062,31.048532485961914,59.827880859375
2801,cut3,2801,POPC,690,94.05191802978516,206.81097412109375,48.256290435791016
2801,cut3,2801,POPC,691,4.118597030639648,18.194429397583004,52.98063659667969
2801,cut3,2801,POPC,692,28.85303497314453,197.68666076660156,49.28953170776367
2801,cut3,2801,POPC,693,4.240640640258789,202.3666229248047,48.3128547668457
2801,cut3,2801,POPC,694,115.7328872680664,190.98828125000003,45.468505859375
2801,cut3,2801,POPC,695,113.0954818725586,84.78807830810547,33.28079605102539
2801,cut3,2801,POPC,696,122.13501739501953,154.40036010742188,34.51565933227539
2801,cut3,2801,POPC,697,97.97955322265625,24.640727996826172,51.18690490722656
2801,cut3,2801,POPC,698,187.1161651611328,104.12857818603516,46.42234802246094
2801,cut3,2801,POPC,699,35.87358093261719,221.23626708984375,51.9613037109375
2801,cut3,2801,POPC,700,59.19749069213867,222.4071044921875,50.815948486328125
2801,cut3,2801,POPC,701,15.290122985839844,14.270853996276855,50.49821853637695
2801,cut3,2801,POPC,702,112.31986999511719,212.1214599609375,51.08877944946289
2801,cut3,2801,POPC,703,56.23843002319336,10.750231742858887,54.47632598876953
2801,cut3,2801,POPC,704,61.722415924072266,198.3494415283203,45.93152618408203
2801,cut3,2801,POPC,705,152.96011352539062,4.025313377380371,53.03865432739258
2801,cut3,2801,POPC,706,202.61647033691406,117.55749511718751,51.086181640625
2801,cut3,2801,POPC,707,90.84358215332031,186.15167236328125,42.332218170166016
2801,cut3,2801,POPC,708,29.435836791992188,223.74264526367188,52.20180892944336
2801,cut3,2801,POPC,709,142.3608856201172,152.8021240234375,34.601627349853516
2801,cut3,2801,POPC,710,192.82875061035156,187.42282104492188,38.81501770019531
2801,cut3,2801,POPC,711,119.43341827392578,200.7845458984375,47.14323806762695
2801,cut3,2801,POPC,712,14.51181411743164,66.9166259765625,55.4376106262207
2801,cut3,2801,POPC,713,105.36125183105467,2.3870248794555664,49.962066650390625
2801,cut3,2801,POPC,714,84.69950103759767,216.16592407226562,46.25682067871094
2801,cut3,2801,POPC,715,89.55506896972656,180.9660186767578,38.16115951538086
2801,cut3,2801,POPC,716,84.43943786621094,152.4560241699219,37.091552734375
2801,cut3,2801,POPC,717,181.3923797607422,198.78419494628906,47.51162338256836
2801,cut3,2801,POPC,718,131.14723205566406,39.74753952026367,47.80000686645508
2801,cut3,2801,POPC,719,79.75025939941406,6.5616068840026855,47.38884353637695
2801,cut3,2801,POPC,720,126.1644515991211,63.75289535522461,40.187904357910156
2801,cut3,2801,POPC,721,83.42730712890625,0.30024272203445435,47.84992980957031
2801,cut3,2801,POPC,722,47.1211051940918,1.907521367073059,54.89980697631836
2801,cut3,2801,POPC,723,32.80701446533203,59.899444580078125,57.085636138916016
2801,cut3,2801,POPC,724,191.09681701660156,165.30816650390625,47.6251220703125
2801,cut3,2801,POPC,725,186.32562255859375,194.55490112304688,44.6533088684082
2801,cut3,2801,POPC,726,74.4964828491211,62.61772537231445,50.54252624511719
2801,cut3,2801,POPC,727,178.45364379882812,198.7581787109375,52.912620544433594
2801,cut3,2801,POPC,728,63.32670974731445,137.76443481445312,39.91835021972656
2801,cut3,2801,POPC,729,28.815147399902344,67.00117492675781,54.6957893371582
2801,cut3,2801,POPC,730,148.052001953125,102.80509948730469,34.32620620727539
2801,cut3,2801,POPC,731,15.297000885009766,202.0594940185547,48.15465545654297
2801,cut3,2801,POPC,732,208.90020751953125,59.21422576904297,59.62886047363281
2801,cut3,2801,POPC,733,171.21456909179688,154.8418731689453,43.80274200439453
2801,cut3,2801,POPC,734,193.92906188964844,52.12316131591797,58.498870849609375
2801,cut3,2801,POPC,735,38.70405960083008,43.336856842041016,55.1462287902832
2801,cut3,2801,POPC,736,76.51354217529297,148.5147247314453,35.54758071899414
2801,cut3,2801,POPC,737,62.33895492553711,180.6680908203125,51.843528747558594
2801,cut3,2801,POPC,738,75.67144012451172,74.5551528930664,47.46266555786133
2801,cut3,2801,POPC,739,25.76861572265625,187.90440368652344,50.4085578918457
2801,cut3,2801,POPC,740,169.7210693359375,112.78544616699219,35.35725784301758
2801,cut3,2801,POPC,741,160.23472595214844,141.94772338867188,37.127540588378906
2801,cut3,2801,POPC,742,85.298095703125,32.9508056640625,52.82986831665039
2801,cut3,2801,POPC,743,209.09837341308594,87.30557250976562,56.340171813964844
2801,cut3,2801,POPC,744,212.83738708496094,38.61916732788086,58.14079666137695
2801,cut3,2801,POPC,745,52.89875411987305,41.43727111816406,52.23488235473633
2801,cut3,2801,POPC,746,79.96598052978516,67.6034164428711,49.882049560546875
2801,cut3,2801,POPC,747,185.00022888183594,140.72415161132812,48.87755584716797
2801,cut3,2801,POPC,748,88.0917739868164,8.942313194274902,50.774139404296875
2801,cut3,2801,POPC,749,182.31321716308594,107.75597381591797,44.52263259887695
2801,cut3,2801,POPC,750,65.94630432128906,149.27499389648438,38.57584762573242
2801,cut3,2801,POPC,751,136.42059326171875,217.08135986328125,59.77838134765625
2801,cut3,2801,POPC,752,138.5432586669922,140.34617614746094,34.398521423339844
2801,cut3,2801,POPC,753,61.61845779418945,160.4524383544922,43.066558837890625
2801,cut3,2801,POPC,754,98.49303436279297,15.141632080078125,49.06270980834961
2801,cut3,2801,POPC,755,179.93153381347656,59.85281753540039,54.93684387207031
2801,cut3,2801,POPC,756,44.13153839111328,45.41995620727539,56.6988410949707
2801,cut3,2801,POPC,757,84.52908325195312,24.513694763183594,52.34418869018555
2801,cut3,2801,POPC,758,179.56207275390625,75.79612731933594,52.8095588684082
2801,cut3,2801,POPC,759,63.78728103637695,6.993654251098633,50.2456169128418
2801,cut3,2801,POPC,760,56.66153335571289,180.1617431640625,46.863800048828125
2801,cut3,2801,POPC,761,131.4600372314453,20.771455764770508,54.11781692504883
2801,cut3,2801,POPC,762,107.59260559082031,50.20685958862305,47.313934326171875
2801,cut3,2801,POPC,763,74.42923736572266,83.15155029296875,50.14188766479492
2801,cut3,2801,POPC,764,82.46717834472656,61.68729019165039,48.81654739379883
2801,cut3,2801,POPC,765,124.47896575927734,47.567657470703125,42.670440673828125
2801,cut3,2801,POPC,766,68.08312225341797,32.17708206176758,52.99433898925781
2801,cut3,2801,POPC,767,173.45091247558594,64.46278381347656,51.66608810424805
2801,cut3,2801,POPC,768,61.53376388549805,207.88845825195312,47.32785415649414
2801,cut3,2801,POPC,769,8.865318298339844,186.70130920410156,48.920902252197266
2801,cut3,2801,POPC,770,106.60607147216797,71.07427978515625,42.76641845703125
2801,cut3,2801,POPC,771,103.78185272216797,204.73565673828125,45.07752990722656
2801,cut3,2801,POPC,772,11.775384902954102,25.88606834411621,53.41648483276367
2801,cut3,2801,POPC,773,147.78074645996094,154.8730926513672,33.331356048583984
2801,cut3,2801,POPC,774,205.6237335205078,29.85848617553711,59.090293884277344
2801,cut3,2801,POPC,775,5.847797393798828,10.236063957214355,53.15724182128906
2801,cut3,2801,POPC,776,164.7913360595703,225.44268798828125,57.80931854248047
2801,cut3,2801,POPC,777,201.718994140625,200.76419067382812,41.643211364746094
2801,cut3,2801,POPC,778,38.039085388183594,189.3738555908203,50.82954025268555
2801,cut3,2801,POPC,779,186.36463928222656,72.34125518798828,53.34761428833008
2801,cut3,2801,POPC,780,90.6659927368164,219.87973022460938,50.08443832397461
2801,cut3,2801,POPC,781,189.96746826171875,32.08130645751953,62.234092712402344
2801,cut3,2801,POPC,782,33.90337371826172,132.51640319824222,40.51253890991211
2801,cut3,2801,POPC,783,211.77215576171875,224.0797119140625,54.56362533569336
2801,cut3,2801,POPC,784,55.164493560791016,3.731882095336914,54.43828582763672
2801,cut3,2801,POPC,785,86.7255859375,166.8956756591797,37.581806182861335
2801,cut3,2801,POPC,786,12.093973159790039,167.92588806152344,47.04951477050781
2801,cut3,2801,POPC,787,111.13616180419922,103.80531311035156,41.66594696044922
2801,cut3,2801,POPC,788,32.13239288330078,109.83096313476562,48.506141662597656
2801,cut3,2801,POPC,789,175.7234649658203,175.7700653076172,44.508724212646484
2801,cut3,2801,POPC,790,11.462860107421875,134.8238067626953,53.927494049072266
2801,cut3,2801,POPC,791,51.39149856567383,23.886463165283203,50.73868942260742
2801,cut3,2801,POPC,792,39.24546432495117,148.68931579589844,84.07027435302733
2801,cut3,2801,POPC,793,23.639904022216797,206.2586212158203,49.79554748535156
2801,cut3,2801,POPC,794,56.8125114440918,29.048452377319336,51.253936767578125
2801,cut3,2801,POPC,795,172.4167022705078,120.61378479003906,36.498252868652344
2801,cut3,2801,POPC,796,182.51019287109375,87.3835678100586,51.39504623413086
2801,cut3,2801,POPC,797,57.3978157043457,157.91163635253906,47.067150115966804
2801,cut3,2801,POPC,798,211.67523193359375,21.155744552612305,55.58258819580078
2801,cut3,2801,POPC,799,212.66835021972656,68.5086669921875,58.74040985107422
2801,cut3,2801,POPC,800,141.5440216064453,131.9399871826172,35.90392303466797
2801,cut3,2801,POPC,801,15.119251251220703,181.30873107910156,53.16566848754883
2801,cut3,2801,POPC,802,64.25985717773438,37.85686492919922,52.22886657714844
2801,cut3,2801,POPC,803,12.455503463745117,95.39730834960938,53.40404510498047
2801,cut3,2801,POPC,804,62.231021881103516,185.5723419189453,47.50925827026367
2801,cut3,2801,POPC,805,194.32049560546875,25.659847259521484,60.69519805908203
2801,cut3,2801,POPC,806,211.0188751220703,206.979736328125,47.092105865478516
2801,cut3,2801,POPC,807,97.73699951171875,42.79762268066406,45.2147102355957
2801,cut3,2801,POPC,808,131.374267578125,8.354612350463867,49.22153091430664
2801,cut3,2801,POPC,809,66.86270904541016,194.40638732910156,46.95323944091797
2801,cut3,2801,POPC,810,87.12632751464844,203.09841918945312,43.332672119140625
2801,cut3,2801,POPC,811,43.73251724243164,204.05686950683594,49.755096435546875
2801,cut3,2801,POPC,812,77.70663452148438,57.28751754760742,48.99428939819336
2801,cut3,2801,POPC,813,208.23675537109375,221.17385864257812,50.429325103759766
2801,cut3,2801,POPC,814,77.91332244873047,189.10479736328125,39.01994323730469
2801,cut3,2801,POPC,815,183.25216674804688,19.00243377685547,62.841957092285156
2801,cut3,2801,POPC,816,209.3812713623047,94.9165267944336,56.07027816772461
2801,cut3,2801,POPC,817,9.911300659179688,61.779598236083984,54.595096588134766
2801,cut3,2801,POPC,818,20.450119018554688,44.188472747802734,54.03905487060547
2801,cut3,2801,POPC,819,205.33547973632812,5.722360610961914,54.88910675048828
2801,cut3,2801,POPC,820,84.92927551269531,47.764400482177734,49.64567947387695
2801,cut3,2801,POPC,821,4.507997512817383,44.49309539794922,55.785858154296875
2801,cut3,2801,POPC,822,113.97364044189453,4.6202239990234375,50.72898483276367
2801,cut3,2801,POPC,823,163.50234985351562,170.36575317382812,42.846256256103516
2801,cut3,2801,POPC,824,5.822320938110352,78.6764907836914,59.60606384277344
2801,cut3,2801,POPC,825,118.16244506835938,84.33821105957031,31.838472366333008
2801,cut3,2801,POPC,826,34.9131965637207,195.17344665527344,47.50160217285156
2801,cut3,2801,POPC,827,70.19803619384766,201.68771362304688,44.76078796386718
2801,cut3,2801,POPC,828,53.9844856262207,202.10484313964844,49.09587478637695
2801,cut3,2801,POPC,829,52.63998031616211,141.4444580078125,40.7125358581543
2801,cut3,2801,POPC,830,200.18783569335938,141.87252807617188,48.12767028808594
2801,cut3,2801,POPC,831,43.37348556518555,82.39678192138672,54.60037612915039
2801,cut3,2801,POPC,832,40.198219299316406,67.91560363769531,53.231815338134766
2801,cut3,2801,POPC,833,21.610443115234375,77.99713134765625,51.74652862548828
2801,cut3,2801,POPC,834,15.862903594970703,155.7985076904297,47.79191589355469
2801,cut3,2801,POPC,835,18.76504898071289,166.8599090576172,45.54378128051758
2801,cut3,2801,POPC,836,61.10477066040039,169.66984558105472,45.08247756958008
2801,cut3,2801,POPC,837,185.0141143798828,177.64303588867188,41.944305419921875
2801,cut3,2801,POPC,838,186.6432647705078,147.6121368408203,48.2451057434082
2801,cut3,2801,POPC,839,76.11708068847656,134.5548553466797,38.08647918701172
2801,cut3,2801,POPC,840,67.63742065429688,142.87355041503906,38.6809196472168
2801,cut3,2801,POPC,841,94.75762176513672,202.71900939941406,42.48466491699219
2801,cut3,2801,POPC,842,117.67790222167969,23.5170841217041,51.99163818359375
2801,cut3,2801,POPC,843,108.70028686523438,31.995866775512695,48.241058349609375
2801,cut3,2801,POPC,844,148.43934631347653,118.95729064941406,35.98767852783203
2801,cut3,2801,POPC,845,55.21183395385742,148.46371459960938,43.02952575683594
2801,cut3,2801,POPC,846,27.08696746826172,20.557687759399414,50.35404586791992
2801,cut3,2801,POPC,847,98.83882141113281,95.52793884277344,42.1217155456543
2801,cut3,2801,POPC,848,54.80525588989258,215.4870147705078,49.657569885253906
2801,cut3,2801,POPC,849,172.5537872314453,26.7764949798584,61.136085510253906
2801,cut3,2801,POPC,850,77.85063171386719,48.98610305786133,48.99322509765625
2801,cut3,2801,POPC,851,103.32673645019531,9.997023582458496,52.487857818603516
2801,cut3,2801,POPC,852,198.31932067871094,91.95301818847656,53.37958526611328
2801,cut3,2801,POPC,853,11.557117462158203,82.09886932373047,56.28453826904297
2801,cut3,2801,POPC,854,6.560354232788086,214.23641967773438,51.218040466308594
2801,cut3,2801,POPC,855,125.7533187866211,22.03032684326172,50.882625579833984
2801,cut3,2801,POPC,856,176.16075134277347,92.57308197021484,47.843231201171875
2801,cut3,2801,POPC,857,171.92356872558594,150.42898559570312,48.477420806884766
2801,cut3,2801,POPC,858,124.5578842163086,-2.957075595855713,51.24092483520508
2801,cut3,2801,POPC,859,36.72685241699219,38.305633544921875,58.98313903808594
2801,cut3,2801,POPC,860,26.930511474609375,211.76751708984375,48.82278060913086
2801,cut3,2801,POPC,861,199.5393524169922,124.2970962524414,52.78830337524414
2801,cut3,2801,POPC,862,190.112060546875,55.44205093383789,54.334617614746094
2801,cut3,2801,POPC,863,99.23240661621094,183.79054260253903,41.08774948120117
2801,cut3,2801,POPC,864,108.21656799316406,80.60501861572266,35.79246520996094
2801,cut3,2801,POPC,865,113.73440551757812,38.150203704833984,50.11893081665039
2801,cut3,2801,POPC,866,200.48648071289062,156.7099151611328,48.586341857910156
2801,cut3,2801,POPC,867,206.68246459960938,180.6306610107422,45.535400390625
2801,cut3,2801,POPC,868,36.88734817504883,211.65000915527344,50.92913055419922
2801,cut3,2801,POPC,869,151.75344848632812,150.0667266845703,34.56787109375
2801,cut3,2801,POPC,870,6.087333679199219,180.46337890625,48.95718765258789
2801,cut3,2801,POPC,871,46.610782623291016,31.885801315307617,56.34941482543945
2801,cut3,2801,POPC,872,71.79187774658203,5.443192005157471,48.1062126159668
2801,cut3,2801,POPC,873,53.27138900756836,35.528411865234375,53.50212478637695
2801,cut3,2801,POPC,874,51.52509689331055,29.676801681518555,52.763633728027344
2801,cut3,2801,POPC,875,117.33635711669922,17.563268661499023,50.843894958496094
2801,cut3,2801,POPC,876,57.84305191040039,190.41180419921875,48.92168045043945
2801,cut3,2801,POPC,877,193.8369903564453,6.285911560058594,52.905029296875
2801,cut3,2801,POPC,878,177.45664978027344,98.82303619384766,49.45399475097656
2801,cut3,2801,POPC,879,78.16072845458984,33.097152709960945,53.76683044433594
2801,cut3,2801,POPC,880,132.52931213378906,89.33586883544922,32.93185043334961
2801,cut3,2801,POPC,881,56.53237533569336,55.10416793823242,54.28182601928711
2801,cut3,2801,POPC,882,196.8870849609375,81.1919174194336,57.033782958984375
2801,cut3,2801,POPC,883,174.4761199951172,216.9348602294922,54.95962905883789
2801,cut3,2801,POPC,884,189.1637420654297,83.33832550048828,54.54798126220703
2801,cut3,2801,POPC,885,48.4272575378418,7.529733657836914,53.842533111572266
2801,cut3,2801,POPC,886,32.702266693115234,161.98753356933594,48.313018798828125
2801,cut3,2801,POPC,887,76.34443664550781,212.9272918701172,42.9654426574707
2801,cut3,2801,POPC,888,3.068552255630493,63.52376174926758,57.24873352050781
2801,cut3,2801,POPC,889,116.17790985107422,124.02032470703125,36.126060485839844
2801,cut3,2801,POPC,890,24.347309112548828,144.3782501220703,43.89131546020508
2801,cut3,2801,POPC,891,6.993141174316406,37.70627212524414,56.50137329101563
2801,cut3,2801,POPC,892,195.7037353515625,97.40532684326172,51.06074905395508
2801,cut3,2801,POPC,893,174.4384765625,169.77142333984375,39.60446548461914
2801,cut3,2801,POPC,894,50.26035690307617,182.78392028808594,47.4873046875
2801,cut3,2801,POPC,895,63.11471176147461,174.84329223632812,48.87416458129883
2801,cut3,2801,POPC,896,200.97222900390625,220.06570434570312,51.073307037353516
2801,cut3,2801,POPC,897,73.4545669555664,53.81007385253906,52.550655364990234
2801,cut3,2801,POPC,898,57.48996353149414,133.8693389892578,39.17458724975586
2801,cut3,2801,POPC,899,179.23207092285156,67.4665298461914,56.06482696533203
2801,cut3,2801,POPC,900,14.392135620117188,219.01547241210938,51.25932312011719
2801,cut3,2801,POPC,901,10.458074569702148,6.302404880523682,50.37054443359375
2801,cut3,2801,POPC,902,63.34079360961914,74.02296447753906,48.34452819824219
2801,cut3,2801,POPC,903,108.95327758789062,205.00570678710938,49.903133392333984
2801,cut3,2801,POPC,904,53.50309371948242,152.57322692871094,48.343055725097656
2801,cut3,2801,POPC,905,33.08858871459961,186.58523559570312,51.61149597167969
2801,cut3,2801,POPC,906,204.10964965820312,76.22809600830078,55.486148834228516
2801,cut3,2801,POPC,907,29.836875915527344,27.799285888671875,51.25299835205078
2801,cut3,2801,POPC,908,193.24815368652344,62.454158782958984,55.11153030395508
2801,cut3,2801,POPC,909,54.3283805847168,118.27400970458984,37.55132293701172
2801,cut3,2801,POPC,910,113.52657318115234,59.9126091003418,43.629859924316406
2801,cut3,2801,POPC,911,107.21979522705078,214.69210815429688,53.19084167480468
2801,cut3,2801,POPC,912,193.68038940429688,102.91752624511719,49.96405792236328
2801,cut3,2801,POPC,913,38.5197639465332,50.85475158691406,57.4530029296875
2801,cut3,2801,POPC,914,132.2026824951172,34.123538970947266,51.729522705078125
2801,cut3,2801,POPC,915,41.3260383605957,144.66351318359375,40.538387298583984
2801,cut3,2801,POPC,916,90.67047119140625,4.348827362060547,53.73978042602539
2801,cut3,2801,POPC,917,165.30145263671875,107.89360046386719,35.71440505981445
2801,cut3,2801,POPC,918,3.866264581680298,193.92344665527344,45.29629135131836
2801,cut3,2801,POPC,919,34.24533462524414,169.65365600585938,51.33934783935547
2801,cut3,2801,POPC,920,51.20708084106445,163.31265258789065,50.764522552490234
2801,cut3,2801,POPC,921,64.76042175292969,63.80681228637695,49.85443115234375
2801,cut3,2801,POPC,922,174.89663696289062,42.714111328125,59.76365661621094
2801,cut3,2801,POPC,923,172.04708862304688,99.15064239501953,45.673587799072266
2801,cut3,2801,POPC,924,166.529541015625,95.87096405029297,46.92919158935547
2801,cut3,2801,POPC,925,65.46356964111328,21.735544204711914,53.67148971557617
2801,cut3,2801,POPC,926,18.91840362548828,8.575484275817871,50.33106231689453
2801,cut3,2801,POPC,927,111.37342834472656,23.08423614501953,50.62533950805664
2801,cut3,2801,POPC,928,26.884292602539062,136.29708862304688,42.8617057800293
2801,cut3,2801,POPC,929,71.15416717529297,71.72224426269531,45.27287292480469
2801,cut3,2801,POPC,930,90.91777038574219,25.035762786865234,49.86779022216797
2801,cut3,2801,POPC,931,185.96238708496094,63.16904067993164,55.11103820800781
2801,cut3,2801,POPC,932,205.97650146484375,82.58731842041016,55.68025207519531
2801,cut3,2801,POPC,933,204.81082153320312,40.04142379760742,56.78157424926758
2801,cut3,2801,POPC,934,74.59941864013672,20.77183723449707,52.1650390625
2801,cut3,2801,POPC,935,198.50497436523438,44.5146369934082,58.96619415283204
2801,cut3,2801,POPC,936,114.95380401611328,51.175899505615234,47.17346954345703
2801,cut3,2801,POPC,937,187.350341796875,218.75730895996094,48.74567794799805
2801,cut3,2801,POPC,938,86.6247787475586,120.45329284667969,40.1510009765625
2801,cut3,2801,POPC,939,97.02560424804688,6.048824310302734,53.05604553222656
2801,cut3,2801,POPC,940,203.44166564941406,11.636428833007812,57.81404113769531
2801,cut3,2801,POPC,941,186.11367797851562,46.705684661865234,59.99024963378906
2801,cut3,2801,POPC,942,114.20329284667969,201.08335876464844,50.95803451538086
2801,cut3,2801,POPC,943,170.4061279296875,91.86280059814453,49.48021697998047
2801,cut3,2801,POPC,944,175.79376220703125,135.3068542480469,38.907474517822266
2801,cut3,2801,POPC,945,31.748672485351562,6.596462726593017,49.10160446166992
2801,cut3,2801,POPC,946,197.65890502929688,205.40634155273438,41.81129455566406
2801,cut3,2801,POPC,947,3.4827005863189697,175.96221923828125,45.62162780761719
2801,cut3,2801,POPC,948,124.3094482421875,78.93981170654297,34.04819107055664
2801,cut3,2801,POPC,949,62.168209075927734,107.23065948486328,40.072994232177734
2801,cut3,2801,POPC,950,87.8765869140625,36.606075286865234,49.5921516418457
2801,cut3,2801,POPC,951,18.085601806640625,190.53890991210938,50.48841094970703
2801,cut3,2801,POPC,952,179.47674560546875,12.851285934448242,54.141361236572266
2801,cut3,2801,POPC,953,24.92682647705078,7.883968353271484,48.95527267456055
2801,cut3,2801,POPC,954,30.858688354492188,175.43487548828125,49.646934509277344
2801,cut3,2801,POPC,955,82.05055236816406,127.16160583496094,36.91334533691406
2801,cut3,2801,POPC,956,182.0735626220703,40.20565414428711,59.702659606933594
2801,cut3,2801,POPC,957,184.67738342285156,124.66312408447266,41.842403411865234
2801,cut3,2801,POPC,958,182.25592041015625,91.73787689208984,48.36246109008789
2801,cut3,2801,POPC,959,66.69784545898439,81.17627716064453,45.77911376953125
2801,cut3,2801,POPC,960,48.44804763793945,209.7388916015625,50.05657958984375
2801,cut3,2801,POPC,961,93.57804870605469,191.9915466308594,40.41078186035156
2801,cut3,2801,POPC,962,143.37893676757812,11.347477912902832,57.77454376220703
2801,cut3,2801,POPC,963,32.58489227294922,81.20763397216797,51.69284439086914
2801,cut3,2801,POPC,964,45.06208801269531,163.5511016845703,50.705753326416016
2801,cut3,2801,POPC,965,152.84791564941406,129.3125,35.1497688293457
2801,cut3,2801,POPC,966,206.6714324951172,134.94029235839844,48.52558135986328
2801,cut3,2801,POPC,967,135.38121032714844,42.094993591308594,41.490482330322266
2801,cut3,2801,POPC,968,30.993595123291016,149.0550079345703,42.513580322265625
2801,cut3,2801,POPC,969,105.70603942871094,93.38327026367188,41.253929138183594
2801,cut3,2801,POPC,970,58.97397232055664,59.71522903442383,51.036968231201165
2801,cut3,2801,POPC,971,141.81387329101562,144.44009399414062,35.07728576660156
2801,cut3,2801,POPC,972,8.028959274291992,30.229755401611328,53.458927154541016
2801,cut3,2801,POPC,973,98.85653686523438,116.03192138671875,43.8730354309082
2801,cut3,2801,POPC,974,155.2488555908203,138.70391845703125,36.99594497680664
2801,cut3,2801,POPC,975,40.520530700683594,222.29270935058594,50.65814971923828
2801,cut3,2801,POPC,976,185.37229919433594,156.31053161621094,48.092933654785156
2801,cut3,2801,POPC,977,122.97081756591797,5.872430801391602,51.10414123535156
2801,cut3,2801,POPC,978,193.30093383789062,201.30213928222656,42.35831069946289
2801,cut3,2801,POPC,979,103.18058776855469,19.170137405395508,48.30072021484375
2801,cut3,2801,POPC,980,199.77476501464844,52.53360366821289,61.19550323486328
2801,cut3,2801,POPC,981,-0.452899694442749,172.160888671875,48.29846954345703
2801,cut3,2801,POPC,982,63.65908432006836,13.32904052734375,55.01504898071289
2801,cut3,2801,POPC,983,37.813446044921875,139.738037109375,37.63290023803711
2801,cut3,2801,POPC,984,54.04572677612305,106.12278747558594,47.89064025878906
2801,cut3,2801,POPC,985,167.47520446777344,127.9812240600586,34.852500915527344
2801,cut3,2801,POPC,986,24.71026611328125,175.01712036132812,50.521846771240234
2801,cut3,2801,POPC,987,148.6553955078125,89.25862884521484,39.208072662353516
2801,cut3,2801,POPC,988,188.87489318847656,135.40626525878906,48.241737365722656
2801,cut3,2801,POPC,989,175.72459411621094,79.2601089477539,50.961917877197266
2801,cut3,2801,POPC,990,172.1018524169922,71.09809875488283,51.164703369140625
2801,cut3,2801,POPC,991,188.33932495117188,41.38467788696289,59.641571044921875
2801,cut3,2801,POPC,992,41.37580490112305,8.048294067382812,53.3069953918457
2801,cut3,2801,POPC,993,117.36529541015625,211.8275146484375,51.637611389160156
2801,cut3,2801,POPC,994,179.13555908203125,143.44850158691406,47.2429313659668
2801,cut3,2801,POPC,995,148.90554809570312,18.16335105895996,61.52525329589844
2801,cut3,2801,POPC,996,112.47773742675781,216.90476989746094,55.37242126464844
2801,cut3,2801,POPC,997,179.06826782226562,51.239662170410156,54.810523986816406
2801,cut3,2801,POPC,998,1.960134744644165,30.331478118896484,55.59247589111328
2801,cut3,2801,POPC,999,113.82151794433594,74.33647155761719,37.82181930541992
2801,cut3,2801,POPC,1000,81.31797027587889,206.7639617919922,43.75398635864258
2801,cut3,2801,POPC,1001,205.2549285888672,163.31735229492188,48.013465881347656
2801,cut3,2801,POPC,1002,140.36578369140625,221.8808135986328,59.55137634277344
2801,cut3,2801,POPC,1003,197.1022186279297,10.363574981689455,59.014259338378906
2801,cut3,2801,POPC,1004,184.11175537109375,33.9735107421875,62.062034606933594
2801,cut3,2801,POPC,1005,204.62564086914062,179.58067321777344,39.14990234375
2801,cut3,2801,POPC,1006,189.2998504638672,2.2294723987579346,51.619667053222656
2801,cut3,2801,POPC,1007,7.560773849487305,160.5671844482422,48.02936935424805
2801,cut3,2801,POPC,1008,77.45003509521484,38.696258544921875,50.82503128051758
2801,cut3,2801,POPC,1009,25.350894927978516,158.69049072265625,44.898094177246094
2801,cut3,2801,POPC,1010,79.44214630126953,82.71102905273438,47.43716812133789
2801,cut3,2801,POPC,1011,95.32856750488281,216.5013427734375,50.24818420410156
2801,cut3,2801,POPC,1012,37.06725311279297,84.40636444091797,55.275936126708984
2801,cut3,2801,POPC,1013,76.51742553710938,152.76898193359375,38.006072998046875
2801,cut3,2801,POPC,1014,160.0166015625,218.28585815429688,59.38745880126953
2801,cut3,2801,POPC,1015,128.3771514892578,132.1003875732422,36.335166931152344
2801,cut3,2801,POPC,1016,179.7414093017578,159.49368286132812,48.501609802246094
2801,cut3,2801,POPC,1017,199.44540405273438,102.0385971069336,53.667755126953125
2801,cut3,2801,POPC,1018,205.19471740722656,98.79707336425781,53.2572135925293
2801,cut3,2801,POPC,1019,46.07546615600586,184.2176971435547,51.095943450927734
2801,cut3,2801,POPC,1020,177.93673706054688,113.21991729736328,41.32313919067383
2801,cut3,2801,POPC,1021,15.109508514404297,140.46662902832028,47.32896423339844
2801,cut3,2801,POPC,1022,29.331756591796875,73.74098205566406,53.5975456237793
2801,cut3,2801,POPC,1023,167.0686798095703,218.7348785400391,56.9339485168457
2801,cut3,2801,POPC,1024,19.63135528564453,59.8005485534668,56.545814514160156
2801,cut3,2801,POPC,1025,197.67738342285156,110.4822769165039,47.88153076171875
2801,cut3,2801,POPC,1026,49.276737213134766,170.03274536132812,48.35988235473633
2801,cut3,2801,POPC,1027,120.21162414550781,218.09730529785156,51.621131896972656
2801,cut3,2801,POPC,1028,95.56639099121094,55.457054138183594,46.23310852050781
2801,cut3,2801,POPC,1029,87.00391387939453,187.7140350341797,37.73342514038086
2801,cut3,2801,POPC,1030,190.9271697998047,73.49357604980469,57.289615631103516
2801,cut3,2801,POPC,1031,71.21202850341797,170.1796875,43.87147521972656
2801,cut3,2801,POPC,1032,142.159423828125,33.40723419189453,48.67845153808594
2801,cut3,2801,POPC,1033,101.98754119873047,87.10601043701172,42.265174865722656
2801,cut3,2801,POPC,1034,46.27352523803711,67.15553283691406,54.3686637878418
2801,cut3,2801,POPC,1035,156.42901611328125,113.11055755615234,33.603233337402344
2801,cut3,2801,POPC,1036,124.32951354980469,53.60886764526367,38.18171310424805
2801,cut3,2801,POPC,1037,82.38160705566406,183.06192016601562,38.95121383666992
2801,cut3,2801,POPC,1038,99.82523345947266,211.07647705078125,48.98398590087891
2801,cut3,2801,POPC,1039,188.8972930908203,206.7438201904297,45.99850845336915
2801,cut3,2801,POPC,1040,179.5004119873047,165.1752166748047,47.56534957885742
2801,cut3,2801,POPC,1041,89.74990844726562,57.195747375488274,45.89472579956055
2801,cut3,2801,POPC,1042,205.2291259765625,172.5678253173828,46.700016021728516
2801,cut3,2801,POPC,1043,5.221076965332031,72.28468322753906,58.71202850341797
2801,cut3,2801,POPC,1044,103.93257904052734,26.105234146118164,52.645442962646484
2801,cut3,2801,POPC,1045,70.17549133300781,125.25054931640625,36.55970001220703
2801,cut3,2801,POPC,1046,186.5034637451172,211.52139282226562,47.71186828613281
2801,cut3,2801,POPC,1047,48.72629165649414,54.60491943359375,50.305049896240234
2801,cut3,2801,POPC,1048,167.63607788085938,144.67788696289062,41.26704406738281
2801,cut3,2801,POPC,1049,158.89266967773438,150.6991729736328,36.71122741699219
2801,cut3,2801,POPC,1050,37.161067962646484,16.1794490814209,53.46116638183594
2801,cut3,2801,POPC,1051,67.24829864501953,188.90867614746094,45.48572540283203
2801,cut3,2801,POPC,1052,10.942188262939453,18.264217376708984,49.752952575683594
2801,cut3,2801,POPC,1053,113.04963684082031,158.60504150390625,36.5488166809082
2801,cut3,2801,POPC,1054,211.65567016601562,75.00146484375,58.192535400390625
2801,cut3,2801,POPC,1055,52.32876968383789,64.8978271484375,52.743221282958984
2801,cut3,2801,POPC,1056,132.7427978515625,218.5574188232422,55.418476104736335
2801,cut3,2801,POPC,1057,148.6459503173828,111.12593841552734,35.474578857421875
2801,cut3,2801,POPC,1058,183.19602966308594,131.14427185058594,42.88487243652344
2801,cut3,2801,POPC,1059,95.67160034179688,11.904867172241211,52.57585144042969
2801,cut3,2801,POPC,1060,121.26646423339844,27.868406295776367,51.62688446044922
2801,cut3,2801,POPC,1061,32.16592025756836,214.7477264404297,50.59513854980469
2801,cut3,2801,POPC,1062,196.64759826660156,214.67852783203125,47.335941314697266
2801,cut3,2801,POPC,1063,-0.2608144283294678,11.402140617370605,55.698246002197266
2801,cut3,2801,POPC,1064,96.69489288330078,75.25823974609375,46.294612884521484
2801,cut3,2801,POPC,1065,24.639625549316406,32.05886459350586,51.02300262451172
2801,cut3,2801,POPC,1066,68.12094116210938,180.98301696777344,46.747230529785156
2801,cut3,2801,POPC,1067,207.2318115234375,200.03932189941406,44.85810470581055
2801,cut3,2801,POPC,1068,127.08736419677734,161.12757873535156,38.050968170166016
2801,cut3,2801,POPC,1069,183.2710418701172,80.85406494140625,52.427127838134766
2801,cut3,2801,POPC,1070,43.45832061767578,15.788257598876953,54.05683517456055
2801,cut3,2801,POPC,1071,208.3674774169922,214.42730712890625,49.7662467956543
2801,cut3,2801,POPC,1072,73.7042465209961,166.47496032714844,39.05389404296875
2801,cut3,2801,POPC,1073,37.65970230102539,89.8672866821289,53.60821533203125
2801,cut3,2801,POPC,1074,39.092002868652344,173.8060302734375,51.11446762084961
2801,cut3,2801,POPC,1075,164.71592712402344,9.06467342376709,59.660377502441406
2801,cut3,2801,POPC,1076,26.051841735839844,164.92080688476562,46.884849548339844
2801,cut3,2801,POPC,1077,202.78448486328125,18.094690322875977,58.706825256347656
2801,cut3,2801,POPC,1078,49.859012603759766,191.71360778808594,49.38604736328125
2801,cut3,2801,POPC,1079,178.90570068359375,218.63771057128906,50.87347412109375
2801,cut3,2801,POPC,1080,31.774898529052734,203.58319091796875,48.58525848388672
2801,cut3,2801,POPC,1081,7.5756378173828125,224.3512420654297,52.718753814697266
2801,cut3,2801,POPC,1082,169.35044860839844,139.91873168945312,38.65621948242187
2801,cut3,2801,POPC,1083,106.4241714477539,59.196903228759766,43.293560028076165
2801,cut3,2801,POPC,1084,101.77538299560547,55.89042663574219,45.022132873535156
2801,cut3,2801,POPC,1085,146.212890625,137.04901123046875,35.805355072021484
2801,cut3,2801,POPC,1086,112.83431243896484,12.161537170410156,48.34687042236328
2801,cut3,2801,POPC,1087,59.251033782958984,113.60816955566406,38.83995056152344
2801,cut3,2801,POPC,1088,132.98532104492188,154.4815673828125,34.48939514160156
2801,cut3,2801,POPC,1089,12.154464721679688,71.55300903320312,55.68258285522461
2801,cut3,2801,POPC,1090,18.725177764892578,52.349578857421875,52.84695053100586
2801,cut3,2801,POPC,1091,115.00345611572266,145.53076171875,31.845834732055664
2801,cut3,2801,POPC,1092,195.294189453125,39.196144104003906,57.352195739746094
2801,cut3,2801,POPC,1093,94.63841247558594,68.44068145751953,53.71952438354492
2801,cut3,2801,POPC,1094,62.49876022338867,28.890239715576172,53.99660873413086
2801,cut3,2801,POPC,1095,26.33206558227539,152.460693359375,43.02483367919922
2801,cut3,2801,POPC,1096,179.64537048339844,211.65728759765625,52.29673767089844
2801,cut3,2801,POPC,1097,12.736968994140625,46.54823684692383,53.25449752807617
2801,cut3,2801,POPC,1098,153.95843505859375,145.54127502441406,37.93947219848633
2801,cut3,2801,POPC,1099,27.171669006347656,61.33392333984375,56.950260162353516
2801,cut3,2801,POPC,1100,25.085556030273438,86.65487670898438,53.33125686645508
2801,cut3,2801,POPC,1101,84.20816040039062,145.77001953125,32.8059196472168
2801,cut3,2801,POPC,1102,111.95504760742188,30.19697380065918,56.014530181884766
2801,cut3,2801,POPC,1103,187.86338806152344,93.74315643310547,53.45064926147461
2801,cut3,2801,POPC,1104,72.46532440185547,26.642967224121094,52.374393463134766
2801,cut3,2801,POPC,1105,95.18792724609375,119.04866027832031,49.369728088378906
2801,cut3,2801,POPC,1106,205.3616180419922,46.733741760253906,56.648258209228516
2801,cut3,2801,POPC,1107,84.88011169433594,70.59375,49.03422546386719
2801,cut3,2801,POPC,1108,173.41583251953125,109.269775390625,41.00471115112305
2801,cut3,2801,SAPI,1109,138.0935821533203,10.222943305969238,55.03745651245117
2801,cut3,2801,SAPI,1110,68.88818359375,135.47901916503906,34.938995361328125
2801,cut3,2801,SAPI,1111,129.31802368164062,28.139007568359375,57.0438346862793
2801,cut3,2801,SAPI,1112,181.80087280273438,28.020366668701172,61.468597412109375
2801,cut3,2801,SAPI,1113,40.84883117675781,133.46981811523438,40.24720764160156
2801,cut3,2801,SAPI,1114,201.0813751220703,189.0851287841797,42.17646026611328
2801,cut3,2801,SAPI,1115,203.88934326171875,152.39285278320312,51.969181060791016
2801,cut3,2801,SAPI,1116,133.8980712890625,135.1204071044922,30.232496261596676
2801,cut3,2801,SAPI,1117,43.73212432861328,157.6144561767578,46.31372833251953
2801,cut3,2801,SAPI,1118,105.76250457763672,182.80709838867188,39.90787887573242
2801,cut3,2801,SAPI,1119,106.98858642578125,43.646583557128906,47.15662384033203
2801,cut3,2801,SAPI,1120,169.40272521972656,17.907686233520508,63.113441467285156
2801,cut3,2801,SAPI,1121,137.7657928466797,118.3869857788086,33.021095275878906
2801,cut3,2801,SAPI,1122,182.86619567871094,7.8323869705200195,53.63764953613281
2801,cut3,2801,SAPI,1123,165.1864471435547,80.53773498535156,50.374244689941406
2801,cut3,2801,SAPI,1124,89.8232650756836,45.16761016845703,46.90179443359375
2801,cut3,2801,SAPI,1125,172.44790649414062,187.56312561035156,49.785377502441406
2801,cut3,2801,SAPI,1126,83.4085922241211,76.87052917480469,47.095340728759766
2801,cut3,2801,SAPI,1127,163.88812255859375,162.70220947265625,37.103675842285156
2801,cut3,2801,SAPI,1128,10.273086547851562,90.73349761962892,53.14950942993164
2801,cut3,2801,SAPI,1129,140.71728515625,113.17019653320312,32.18932342529297
2801,cut3,2801,SAPI,1130,159.8365936279297,89.1661605834961,45.94611740112305
2801,cut3,2801,SAPI,1131,4.681196212768555,95.09333038330078,53.38808059692383
2801,cut3,2801,SAPI,1132,210.9273223876953,163.09100341796875,48.26337432861328
2801,cut3,2801,SAPI,1133,31.698192596435547,15.347330093383789,50.47196578979492
2801,cut3,2801,SAPI,1134,173.7764129638672,49.26309585571289,57.24794006347656
2801,cut3,2801,SAPI,1135,106.9914321899414,174.6537628173828,36.68441390991211
2801,cut3,2801,SAPI,1136,130.6031494140625,211.1453094482422,53.31499481201172
2801,cut3,2801,SAPI,1137,124.30425262451172,145.57192993164062,29.604753494262695
2801,cut3,2801,SAPI,1138,161.23924255371094,16.055269241333008,61.365821838378906
2801,cut3,2801,SAPI,1139,100.12012481689453,79.90238952636719,46.72395324707031
2801,cut3,2801,SAPI,1140,102.43734741210938,220.3145294189453,49.5861930847168
2801,cut3,2801,SAPI,1141,195.4639892578125,168.89036560058594,45.34182357788086
2801,cut3,2801,SAPI,1142,75.75293731689453,195.76052856445312,43.862571716308594
2801,cut3,2801,SAPI,1143,148.41384887695312,220.54916381835935,52.893028259277344
2801,cut3,2801,SAPI,1144,137.03883361816406,126.29609680175781,33.605865478515625
2801,cut3,2801,SAPI,1145,65.85364532470703,115.8656997680664,35.19258499145508
