,System,Frame,Resname,Resnum,X,Y,Z
6427,cut3,6427,POPC,0,6.746679306030273,148.62767028808594,75.42314910888672
6427,cut3,6427,POPC,1,43.98468780517578,165.14276123046875,84.56721496582031
6427,cut3,6427,POPC,2,194.71556091308594,48.3194465637207,91.62332916259766
6427,cut3,6427,POPC,3,213.9055633544922,170.10067749023438,79.11558532714844
6427,cut3,6427,POPC,4,6.522737503051758,160.85066223144528,78.32169342041016
6427,cut3,6427,POPC,5,174.6405029296875,196.35108947753906,83.62339782714844
6427,cut3,6427,POPC,6,136.92730712890625,161.8858184814453,66.44239044189453
6427,cut3,6427,POPC,7,7.758537292480469,64.24200439453125,92.79475402832031
6427,cut3,6427,POPC,8,11.335914611816406,11.1557035446167,94.27696228027344
6427,cut3,6427,POPC,9,169.94660949707034,171.06182861328125,79.76567077636719
6427,cut3,6427,POPC,10,25.11115264892578,123.2806625366211,79.48500823974608
6427,cut3,6427,POPC,11,182.45753479003906,130.5835418701172,83.37124633789062
6427,cut3,6427,POPC,12,63.341949462890625,129.6990509033203,74.71821594238281
6427,cut3,6427,POPC,13,182.12721252441406,0.9466115236282349,94.20712280273438
6427,cut3,6427,POPC,14,147.00038146972656,174.90586853027344,69.36542510986328
6427,cut3,6427,POPC,15,168.8283233642578,196.4228057861328,85.31676483154297
6427,cut3,6427,POPC,16,30.459915161132812,146.5767059326172,80.3896255493164
6427,cut3,6427,POPC,17,110.67005157470703,91.61689758300781,76.72613525390625
6427,cut3,6427,POPC,18,43.26893615722656,158.14965820312497,82.93266296386719
6427,cut3,6427,POPC,19,123.16879272460938,222.0245361328125,93.36681365966797
6427,cut3,6427,POPC,20,189.45518493652344,168.1199188232422,80.62054443359375
6427,cut3,6427,POPC,21,146.23063659667966,148.3539581298828,70.19346618652344
6427,cut3,6427,POPC,22,153.19703674316406,220.36798095703125,97.70304107666016
6427,cut3,6427,POPC,23,130.1359100341797,79.2205810546875,71.48744201660156
6427,cut3,6427,POPC,24,82.91694641113281,181.8047943115234,79.8166732788086
6427,cut3,6427,POPC,25,82.89540100097656,103.32678985595703,81.3998794555664
6427,cut3,6427,POPC,26,206.9791717529297,183.1414794921875,85.45855712890625
6427,cut3,6427,POPC,27,81.07421112060547,193.18544006347656,81.27465057373047
6427,cut3,6427,POPC,28,119.71160888671875,37.32723617553711,87.65937805175781
6427,cut3,6427,POPC,29,124.73966217041016,23.469594955444336,90.13468933105467
6427,cut3,6427,POPC,30,101.02175903320312,210.63133239746094,85.945068359375
6427,cut3,6427,POPC,31,148.5946044921875,179.68917846679688,71.69093322753906
6427,cut3,6427,POPC,32,87.82305145263672,184.81594848632812,77.20693969726562
6427,cut3,6427,POPC,33,49.922264099121094,62.396484375,92.8123550415039
6427,cut3,6427,POPC,34,160.4728088378906,127.43330383300781,75.80889129638672
6427,cut3,6427,POPC,35,102.59439086914062,8.539499282836914,83.01068115234375
6427,cut3,6427,POPC,36,186.67803955078125,222.2435760498047,93.45460510253906
6427,cut3,6427,POPC,37,58.745765686035156,52.88949966430664,90.65000915527344
6427,cut3,6427,POPC,38,45.985687255859375,57.350711822509766,95.08427429199219
6427,cut3,6427,POPC,39,177.86143493652344,181.9346466064453,81.50350189208984
6427,cut3,6427,POPC,40,84.01145935058594,86.89070892333984,83.86410522460938
6427,cut3,6427,POPC,41,77.32354736328125,100.2786636352539,82.92377471923828
6427,cut3,6427,POPC,42,188.0587615966797,79.83444213867188,91.73050689697266
6427,cut3,6427,POPC,43,63.62860870361328,95.45336151123047,87.9088363647461
6427,cut3,6427,POPC,44,116.23099517822266,14.873551368713379,89.87287139892578
6427,cut3,6427,POPC,45,-0.04012874513864517,48.53105926513672,96.00041198730469
6427,cut3,6427,POPC,46,132.3270721435547,21.961545944213867,92.16271209716797
6427,cut3,6427,POPC,47,96.77655792236328,34.58026504516601,91.85823822021484
6427,cut3,6427,POPC,48,146.3600311279297,126.317626953125,79.29248046875
6427,cut3,6427,POPC,49,4.051429748535156,4.735682487487793,94.21704864501953
6427,cut3,6427,POPC,50,36.767127990722656,63.28137969970703,96.00926971435547
6427,cut3,6427,POPC,51,116.53086853027344,79.27886199951172,76.38685607910156
6427,cut3,6427,POPC,52,40.877357482910156,126.22240447998047,82.50849914550781
6427,cut3,6427,POPC,53,91.2584457397461,173.70216369628906,77.14402770996094
6427,cut3,6427,POPC,54,206.0630340576172,165.338134765625,78.60057067871094
6427,cut3,6427,POPC,55,102.80168914794922,56.47484588623047,85.44943237304688
6427,cut3,6427,POPC,56,13.419795989990234,62.03282165527344,93.36882781982422
6427,cut3,6427,POPC,57,138.96084594726562,171.01663208007815,68.66608428955078
6427,cut3,6427,POPC,58,167.7264862060547,188.43020629882812,80.98745727539062
6427,cut3,6427,POPC,59,108.80965423583984,7.952907085418701,87.30323791503906
6427,cut3,6427,POPC,60,38.93107604980469,141.04896545410156,80.43312072753906
6427,cut3,6427,POPC,61,191.56434631347656,173.11373901367188,83.87348937988281
6427,cut3,6427,POPC,62,38.83000946044922,207.0269012451172,86.7857894897461
6427,cut3,6427,POPC,63,102.80619049072266,160.71499633789062,76.55377960205078
6427,cut3,6427,POPC,64,175.31077575683594,145.50975036621094,79.55390167236328
6427,cut3,6427,POPC,65,109.70935821533203,117.3632583618164,76.5918197631836
6427,cut3,6427,POPC,66,47.784149169921875,5.797979831695557,88.37659454345703
6427,cut3,6427,POPC,67,11.714004516601562,193.04864501953125,85.54263305664062
6427,cut3,6427,POPC,68,31.713130950927734,50.7824821472168,94.25699615478516
6427,cut3,6427,POPC,69,45.468170166015625,-0.07623709738254547,86.25769805908203
6427,cut3,6427,POPC,70,77.23348236083984,52.19658660888671,91.09219360351562
6427,cut3,6427,POPC,71,136.05978393554688,179.47950744628906,38.18458938598633
6427,cut3,6427,POPC,72,203.12429809570312,104.4639663696289,93.3398666381836
6427,cut3,6427,POPC,73,139.4696044921875,111.90384674072266,79.20149993896484
6427,cut3,6427,POPC,74,202.61085510253906,7.7447991371154785,89.24786376953125
6427,cut3,6427,POPC,75,56.241607666015625,146.039306640625,79.5001220703125
6427,cut3,6427,POPC,76,41.319480895996094,198.3705596923828,89.30333709716797
6427,cut3,6427,POPC,77,128.76527404785156,136.79754638671875,70.91181945800781
6427,cut3,6427,POPC,78,210.69313049316406,37.746543884277344,55.193790435791016
6427,cut3,6427,POPC,79,125.39432525634766,70.25935363769531,73.19903564453125
6427,cut3,6427,POPC,80,113.29289245605469,8.629223823547363,91.71381378173828
6427,cut3,6427,POPC,81,51.47837829589844,31.061155319213867,91.1199722290039
6427,cut3,6427,POPC,82,208.6450958251953,88.06676483154297,98.73877716064453
6427,cut3,6427,POPC,83,38.6941032409668,174.35948181152344,86.2403793334961
6427,cut3,6427,POPC,84,75.58295440673828,146.74734497070312,77.5059814453125
6427,cut3,6427,POPC,85,147.9029998779297,64.6467056274414,76.82764434814453
6427,cut3,6427,POPC,86,71.59256744384766,224.86607360839844,85.86643981933594
6427,cut3,6427,POPC,87,2.1373043060302734,66.8686294555664,92.75697326660156
6427,cut3,6427,POPC,88,25.47903060913086,31.99812889099121,92.79364776611328
6427,cut3,6427,POPC,89,151.26104736328125,169.7428436279297,71.65240478515625
6427,cut3,6427,POPC,90,64.50189208984375,188.49029541015625,80.78467559814453
6427,cut3,6427,POPC,91,94.03776550292969,15.150745391845703,86.5254898071289
6427,cut3,6427,POPC,92,149.83323669433594,120.70799255371094,78.87541961669922
6427,cut3,6427,POPC,93,74.7595443725586,29.587718963623047,91.81454467773438
6427,cut3,6427,POPC,94,29.827491760253906,19.479713439941406,93.87002563476562
6427,cut3,6427,POPC,95,163.98985290527344,144.7378387451172,78.92948913574219
6427,cut3,6427,POPC,96,167.9795684814453,122.57215118408203,78.31576538085938
6427,cut3,6427,POPC,97,105.30608367919922,100.23962402343751,41.46898651123047
6427,cut3,6427,POPC,98,-1.9377689361572266,35.5555419921875,97.32584381103516
6427,cut3,6427,POPC,99,62.5399169921875,170.7145233154297,83.0049057006836
6427,cut3,6427,POPC,100,19.04792022705078,55.267425537109375,95.19967651367188
6427,cut3,6427,POPC,101,76.52152252197266,125.81165313720703,71.73617553710938
6427,cut3,6427,POPC,102,153.67031860351562,162.83755493164062,75.84605407714844
6427,cut3,6427,POPC,103,73.01827239990234,72.999267578125,92.54277038574219
6427,cut3,6427,POPC,104,59.177162170410156,29.619552612304688,92.19595336914062
6427,cut3,6427,POPC,105,10.145587921142578,201.12046813964844,87.4701156616211
6427,cut3,6427,POPC,106,133.57101440429688,14.979787826538086,96.50794219970703
6427,cut3,6427,POPC,107,63.37920379638672,84.5568618774414,86.9979248046875
6427,cut3,6427,POPC,108,176.75730895996094,14.6925630569458,94.97428131103516
6427,cut3,6427,POPC,109,177.53846740722656,169.2937469482422,80.83406829833984
6427,cut3,6427,POPC,110,129.72402954101562,34.208343505859375,90.4761734008789
6427,cut3,6427,POPC,111,135.15892028808594,54.47551345825195,80.35932922363283
6427,cut3,6427,POPC,112,127.09359741210938,39.63264465332031,88.56674957275392
6427,cut3,6427,POPC,113,210.00543212890625,62.19499969482422,91.96532440185547
6427,cut3,6427,POPC,114,91.5069351196289,220.41232299804688,88.98649597167969
6427,cut3,6427,POPC,115,187.7209014892578,6.075048923492432,96.3548812866211
6427,cut3,6427,POPC,116,8.48843002319336,48.660499572753906,93.5054702758789
6427,cut3,6427,POPC,117,151.94515991210938,36.04716110229492,86.52835083007812
6427,cut3,6427,POPC,118,87.86318969726562,132.3462371826172,75.6352767944336
6427,cut3,6427,POPC,119,96.74354553222656,8.623443603515625,82.4002685546875
6427,cut3,6427,POPC,120,88.29774475097656,7.265670299530029,87.115478515625
6427,cut3,6427,POPC,121,190.99278259277344,158.0375213623047,81.89524841308594
6427,cut3,6427,POPC,122,146.5768280029297,168.742431640625,71.00907897949219
6427,cut3,6427,POPC,123,44.67139434814453,174.7832794189453,86.10697174072266
6427,cut3,6427,POPC,124,83.8525161743164,167.23660278320312,79.66191864013672
6427,cut3,6427,POPC,125,94.55137634277344,168.95147705078125,76.31979370117188
6427,cut3,6427,POPC,126,213.4661407470703,192.80503845214844,82.91799926757812
6427,cut3,6427,POPC,127,78.6231689453125,212.6176300048828,86.1730728149414
6427,cut3,6427,POPC,128,43.99859619140625,202.35777282714844,48.4330940246582
6427,cut3,6427,POPC,129,102.05429077148438,126.41651916503906,44.15111541748047
6427,cut3,6427,POPC,130,71.41577148437501,196.61395263671875,80.80801391601562
6427,cut3,6427,POPC,131,181.2196044921875,115.33892059326172,84.4415054321289
6427,cut3,6427,POPC,132,195.4473419189453,138.14283752441406,83.61842346191406
6427,cut3,6427,POPC,133,174.73254394531247,92.01177215576172,87.46648406982422
6427,cut3,6427,POPC,134,99.93063354492189,150.5607147216797,72.88400268554688
6427,cut3,6427,POPC,135,99.00202178955078,96.46936798095703,85.59381866455078
6427,cut3,6427,POPC,136,203.72181701660156,156.29115295410156,77.6815185546875
6427,cut3,6427,POPC,137,58.93695068359375,181.4073028564453,88.28187561035156
6427,cut3,6427,POPC,138,51.110496520996094,92.0947494506836,89.47122955322266
6427,cut3,6427,POPC,139,23.762115478515625,208.6125030517578,85.98632049560547
6427,cut3,6427,POPC,140,152.73480224609375,154.63157653808594,72.08915710449219
6427,cut3,6427,POPC,141,140.74642944335938,131.056884765625,74.64588928222656
6427,cut3,6427,POPC,142,180.95916748046875,59.08803939819336,90.08047485351562
6427,cut3,6427,POPC,143,131.40472412109375,222.1553955078125,93.89903259277344
6427,cut3,6427,POPC,144,142.61328125,104.40821838378906,77.57401275634766
6427,cut3,6427,POPC,145,180.35202026367188,51.45098114013672,89.91153717041016
6427,cut3,6427,POPC,146,117.65917205810547,49.071067810058594,86.26052856445312
6427,cut3,6427,POPC,147,51.56231689453125,11.27669906616211,91.17001342773438
6427,cut3,6427,POPC,148,36.05939865112305,54.5389518737793,97.54804992675781
6427,cut3,6427,POPC,149,205.68902587890625,205.49256896972656,88.13147735595703
6427,cut3,6427,POPC,150,29.499977111816406,206.46609497070312,88.01021575927734
6427,cut3,6427,POPC,151,158.8165283203125,145.5399627685547,77.50652313232422
6427,cut3,6427,POPC,152,69.98497772216797,12.39366340637207,90.94884490966797
6427,cut3,6427,POPC,153,174.6972198486328,156.4422149658203,79.77190399169922
6427,cut3,6427,POPC,154,26.077308654785156,49.89760208129883,94.25485229492188
6427,cut3,6427,POPC,155,99.146240234375,197.14059448242188,82.6926498413086
6427,cut3,6427,POPC,156,58.25152587890625,126.15054321289062,75.55233764648438
6427,cut3,6427,POPC,157,55.813934326171875,215.85641479492188,82.40174865722656
6427,cut3,6427,POPC,158,163.16688537597656,165.23477172851562,78.16197967529297
6427,cut3,6427,POPC,159,10.395309448242186,70.82781219482422,91.88617706298828
6427,cut3,6427,POPC,160,35.1782341003418,119.80072021484375,81.88798522949219
6427,cut3,6427,POPC,161,70.858154296875,143.94577026367188,81.30050659179689
6427,cut3,6427,POPC,162,104.63294219970703,202.99249267578125,82.01879119873047
6427,cut3,6427,POPC,163,74.43620300292969,23.488296508789062,92.6905746459961
6427,cut3,6427,POPC,164,80.6189956665039,160.0030975341797,77.1286849975586
6427,cut3,6427,POPC,165,57.59696960449219,186.63731384277344,86.73094940185547
6427,cut3,6427,POPC,166,29.305953979492188,69.04777526855469,95.0375289916992
6427,cut3,6427,POPC,167,176.6327667236328,123.07213592529297,84.46331787109375
6427,cut3,6427,POPC,168,185.849609375,65.78622436523438,94.62792205810547
6427,cut3,6427,POPC,169,195.3636016845703,220.19992065429685,92.2853012084961
6427,cut3,6427,POPC,170,123.01858520507812,85.26287078857422,70.80804443359375
6427,cut3,6427,POPC,171,48.53965759277344,103.91363525390625,84.6119384765625
6427,cut3,6427,POPC,172,168.22544860839844,20.058494567871094,89.96940612792969
6427,cut3,6427,POPC,173,40.28236389160156,133.50448608398438,81.275146484375
6427,cut3,6427,POPC,174,80.08849334716797,94.69759368896484,84.3684310913086
6427,cut3,6427,POPC,175,189.49803161621094,89.58064270019531,92.24058532714844
6427,cut3,6427,POPC,176,102.11249542236328,37.953468322753906,88.87824249267578
6427,cut3,6427,POPC,177,65.34095001220703,66.11812591552734,92.92267608642578
6427,cut3,6427,POPC,178,110.79559326171875,124.36277770996094,73.70567321777344
6427,cut3,6427,POPC,179,87.39244079589844,61.8746337890625,90.71144104003906
6427,cut3,6427,POPC,180,57.76990509033203,87.95336151123047,84.16831970214844
6427,cut3,6427,POPC,181,110.42021179199219,191.22503662109375,77.729248046875
6427,cut3,6427,POPC,182,189.80552673339844,23.1292781829834,99.68988800048828
6427,cut3,6427,POPC,183,102.07556915283203,72.49740600585938,81.34083557128906
6427,cut3,6427,POPC,184,22.991531372070312,52.84840774536133,54.427913665771484
6427,cut3,6427,POPC,185,201.1805877685547,200.86790466308594,83.45389556884766
6427,cut3,6427,POPC,186,88.17790985107422,224.5560760498047,84.8352279663086
6427,cut3,6427,POPC,187,145.03585815429688,2.336275577545166,98.10749053955078
6427,cut3,6427,POPC,188,43.48633575439453,22.574552536010742,93.25520324707031
6427,cut3,6427,POPC,189,49.34259796142578,79.92475891113281,94.947021484375
6427,cut3,6427,POPC,190,192.15953063964844,109.71309661865234,87.54134368896484
6427,cut3,6427,POPC,191,80.52849578857422,15.984496116638184,89.96183776855469
6427,cut3,6427,POPC,192,190.993408203125,149.1106719970703,83.95853424072266
6427,cut3,6427,POPC,193,28.126968383789062,179.5089569091797,84.67813873291016
6427,cut3,6427,POPC,194,131.11366271972656,69.53553771972656,70.57958984375
6427,cut3,6427,POPC,195,185.3561248779297,186.7406463623047,45.24637222290039
6427,cut3,6427,POPC,196,17.609821319580078,65.93883514404297,91.96526336669922
6427,cut3,6427,POPC,197,199.63548278808594,165.68692016601562,76.896728515625
6427,cut3,6427,POPC,198,203.0316619873047,75.01432037353516,97.20671081542969
6427,cut3,6427,POPC,199,2.813312530517578,90.95734405517578,96.74129486083984
6427,cut3,6427,POPC,200,17.114795684814453,33.592952728271484,93.2738037109375
6427,cut3,6427,POPC,201,33.129947662353516,3.7672555446624756,88.43656921386719
6427,cut3,6427,POPC,202,198.51309204101562,171.44813537597656,81.6928482055664
6427,cut3,6427,POPC,203,122.46849060058594,191.679443359375,71.1640625
6427,cut3,6427,POPC,204,17.228805541992188,176.30215454101562,81.04856872558594
6427,cut3,6427,POPC,205,11.65716552734375,165.39163208007812,78.81961059570312
6427,cut3,6427,POPC,206,197.13673400878906,103.25729370117188,91.77725982666016
6427,cut3,6427,POPC,207,65.69143676757812,12.756640434265137,84.64826965332031
6427,cut3,6427,POPC,208,5.57732391357422,-0.9872592687606812,90.1350326538086
6427,cut3,6427,POPC,209,7.035884857177734,181.12754821777344,82.82066345214844
6427,cut3,6427,POPC,210,50.933448791503906,53.80708694458008,91.75794219970702
6427,cut3,6427,POPC,211,32.43501281738281,175.67532348632812,85.43338775634766
6427,cut3,6427,POPC,212,178.55511474609375,135.05157470703125,82.46231079101562
6427,cut3,6427,POPC,213,168.68328857421875,105.75666046142578,87.8826675415039
6427,cut3,6427,POPC,214,28.53569793701172,62.59564208984375,96.59597778320312
6427,cut3,6427,POPC,215,94.45997619628906,53.3109245300293,92.13602447509766
6427,cut3,6427,POPC,216,62.429527282714844,-4.128342151641846,83.784423828125
6427,cut3,6427,POPC,217,22.005237579345703,45.86064529418945,95.84249114990234
6427,cut3,6427,POPC,218,102.45428466796875,111.73567199707031,86.1882553100586
6427,cut3,6427,POPC,219,28.365276336669922,-3.6402134895324707,87.99016571044922
6427,cut3,6427,POPC,220,158.29060363769534,166.28977966308594,73.28649139404297
6427,cut3,6427,POPC,221,17.00365447998047,184.0439453125,84.93599700927734
6427,cut3,6427,POPC,222,25.034439086914062,138.3616180419922,81.29729461669922
6427,cut3,6427,POPC,223,80.8294448852539,81.16197967529297,88.79312896728516
6427,cut3,6427,POPC,224,132.1823272705078,141.95411682128906,71.22616577148438
6427,cut3,6427,POPC,225,163.45948791503906,183.14871215820312,74.15499877929688
6427,cut3,6427,POPC,226,162.9226837158203,181.1568145751953,41.23857879638672
6427,cut3,6427,POPC,227,130.1567840576172,159.4010467529297,67.5489501953125
6427,cut3,6427,POPC,228,100.36246490478516,165.36428833007812,78.59062957763672
6427,cut3,6427,POPC,229,21.528518676757812,216.1748809814453,86.71176147460938
6427,cut3,6427,POPC,230,105.58769226074219,84.93666076660156,78.25489807128906
6427,cut3,6427,POPC,231,117.83355712890625,142.84283447265625,70.7217788696289
6427,cut3,6427,POPC,232,140.79835510253906,7.798134803771973,98.47370147705078
6427,cut3,6427,POPC,233,25.931182861328125,196.89892578125,86.44942474365234
6427,cut3,6427,POPC,234,17.0040283203125,8.245499610900879,93.4755859375
6427,cut3,6427,POPC,235,59.48375701904297,5.53287124633789,85.65242767333984
6427,cut3,6427,POPC,236,165.9875030517578,80.50750732421875,88.1427230834961
6427,cut3,6427,POPC,237,138.79080200195312,74.20868682861328,70.83507537841797
6427,cut3,6427,POPC,238,102.24788665771484,61.8798942565918,86.56291961669922
6427,cut3,6427,POPC,239,86.08995056152344,12.491914749145508,90.64940643310547
6427,cut3,6427,POPC,240,129.7657470703125,87.97145080566406,69.58991241455078
6427,cut3,6427,POPC,241,87.44246673583983,63.8859748840332,50.780555725097656
6427,cut3,6427,POPC,242,14.105327606201172,215.98410034179688,89.00321960449219
6427,cut3,6427,POPC,243,81.10184478759766,59.60265350341797,92.11466979980469
6427,cut3,6427,POPC,244,28.426525115966797,12.835123062133789,92.24507904052734
6427,cut3,6427,POPC,245,133.93907165527344,29.730422973632812,90.25025177001953
6427,cut3,6427,POPC,246,159.86947631835938,96.99420928955078,83.82078552246094
6427,cut3,6427,POPC,247,175.8818817138672,102.72969818115234,86.34137725830078
6427,cut3,6427,POPC,248,136.5684051513672,68.72161102294922,76.31836700439453
6427,cut3,6427,POPC,249,211.69229125976562,163.45655822753906,78.19108581542969
6427,cut3,6427,POPC,250,180.8121337890625,174.4804229736328,81.1595230102539
6427,cut3,6427,POPC,251,14.95477294921875,198.72146606445312,85.66838836669922
6427,cut3,6427,POPC,252,149.60101318359375,57.92453384399414,81.65828704833984
6427,cut3,6427,POPC,253,15.683769226074219,24.337507247924805,91.89615631103516
6427,cut3,6427,POPC,254,69.28060150146484,93.10994720458984,86.92543029785156
6427,cut3,6427,POPC,255,199.6965789794922,50.128021240234375,94.66777801513672
6427,cut3,6427,POPC,256,104.40467834472656,44.834163665771484,86.9966812133789
6427,cut3,6427,POPC,257,167.3439483642578,110.4122314453125,83.84940338134766
6427,cut3,6427,POPC,258,166.8702850341797,116.00308227539062,80.36498260498047
6427,cut3,6427,POPC,259,119.62501525878906,62.16427230834961,81.70391082763673
6427,cut3,6427,POPC,260,181.0010986328125,139.04232788085938,82.15406799316406
6427,cut3,6427,POPC,261,139.4916534423828,136.84922790527344,71.49888610839844
6427,cut3,6427,POPC,262,205.20278930664062,21.82840919494629,94.98465728759766
6427,cut3,6427,POPC,263,46.99098205566406,123.03905487060547,82.36785888671875
6427,cut3,6427,POPC,264,53.64575958251953,129.8919677734375,79.26765441894531
6427,cut3,6427,POPC,265,54.778587341308594,7.12616491317749,87.29019165039062
6427,cut3,6427,POPC,266,130.67198181152344,63.071224212646484,73.57859802246094
6427,cut3,6427,POPC,267,141.68406677246094,142.41441345214844,71.25778198242188
6427,cut3,6427,POPC,268,160.92037963867188,112.98701477050781,33.54926300048828
6427,cut3,6427,POPC,269,143.06092834472656,58.48655319213867,79.26145935058594
6427,cut3,6427,POPC,270,153.125732421875,49.21390151977539,82.94013214111328
6427,cut3,6427,POPC,271,82.15662384033203,226.1943817138672,81.70101165771484
6427,cut3,6427,POPC,272,24.78622817993164,185.1383819580078,83.60186004638672
6427,cut3,6427,POPC,273,94.29129028320312,85.53435516357422,83.00358581542969
6427,cut3,6427,POPC,274,122.51136016845703,135.89353942871094,70.26612091064453
6427,cut3,6427,POPC,275,20.621376037597656,77.46129608154297,92.95455169677734
6427,cut3,6427,POPC,276,6.945846557617188,15.505513191223145,92.7943344116211
6427,cut3,6427,POPC,277,133.00955200195312,185.74119567871094,69.74321746826172
6427,cut3,6427,POPC,278,186.26039123535156,59.002723693847656,94.52667236328125
6427,cut3,6427,POPC,279,127.85885620117188,127.6355209350586,75.90018463134766
6427,cut3,6427,POPC,280,73.23116302490234,130.17169189453125,74.54232788085938
6427,cut3,6427,POPC,281,215.07305908203125,20.514232635498047,94.42982482910156
6427,cut3,6427,POPC,282,199.28372192382812,25.7172908782959,91.96160125732422
6427,cut3,6427,POPC,283,14.215682983398438,160.53207397460938,78.47836303710938
6427,cut3,6427,POPC,284,52.215782165527344,172.0647735595703,82.44766998291016
6427,cut3,6427,POPC,285,40.399635314941406,46.381160736083984,92.23872375488281
6427,cut3,6427,POPC,286,144.81565856933594,40.13656997680664,83.96281433105469
6427,cut3,6427,POPC,287,171.40834045410156,219.060302734375,89.50467681884766
6427,cut3,6427,POPC,288,199.9373321533203,68.33460998535156,95.67742919921875
6427,cut3,6427,POPC,289,152.67018127441406,68.57300567626953,45.48313903808594
6427,cut3,6427,POPC,290,105.6856689453125,23.424480438232422,88.38018798828125
6427,cut3,6427,POPC,291,48.34552764892578,86.94217681884766,90.23081207275392
6427,cut3,6427,POPC,292,188.0092315673828,183.61793518066406,85.01908111572267
6427,cut3,6427,POPC,293,8.481399536132812,40.81975173950195,95.36598205566406
6427,cut3,6427,POPC,294,100.16993713378906,23.888940811157227,87.5249252319336
6427,cut3,6427,POPC,295,137.66998291015625,35.08804702758788,89.85713195800781
6427,cut3,6427,POPC,296,88.56234741210938,79.3174819946289,84.96614074707031
6427,cut3,6427,POPC,297,213.37762451171875,183.17822265625,82.02029418945312
6427,cut3,6427,POPC,298,91.17157745361328,40.390499114990234,89.50080871582031
6427,cut3,6427,POPC,299,35.2756233215332,21.019088745117188,92.41613006591797
6427,cut3,6427,POPC,300,102.33223724365234,79.21269989013672,81.26752471923828
6427,cut3,6427,POPC,301,98.43579864501953,43.05687713623047,88.94165802001953
6427,cut3,6427,POPC,302,121.81224060058594,3.7832868099212646,92.74514770507812
6427,cut3,6427,POPC,303,56.40338134765625,14.917098045349121,95.9466323852539
6427,cut3,6427,POPC,304,36.1251335144043,221.98060607910156,88.2095947265625
6427,cut3,6427,POPC,305,214.57594299316406,82.71566772460938,98.26026916503906
6427,cut3,6427,POPC,306,192.3321990966797,128.99078369140625,86.39024353027344
6427,cut3,6427,POPC,307,1.3728618621826172,58.808345794677734,92.4543228149414
6427,cut3,6427,POPC,308,203.3862457275391,176.36383056640625,82.94673919677734
6427,cut3,6427,POPC,309,196.3901824951172,197.25311279296875,86.5909194946289
6427,cut3,6427,POPC,310,55.47180938720703,36.37889862060547,90.24482727050781
6427,cut3,6427,POPC,311,97.57801818847658,203.697998046875,83.83174133300781
6427,cut3,6427,POPC,312,134.36404418945312,9.807237625122069,96.89984893798828
6427,cut3,6427,POPC,313,45.555442810058594,134.6815185546875,79.45638275146484
6427,cut3,6427,POPC,314,32.942359924316406,87.98657989501953,92.24156951904297
6427,cut3,6427,POPC,315,40.30651092529297,152.3347625732422,84.10472106933594
6427,cut3,6427,POPC,316,85.57781982421875,70.85710144042969,86.49061584472656
6427,cut3,6427,POPC,317,14.572185516357422,40.35872268676758,95.35668182373047
6427,cut3,6427,POPC,318,116.22277069091797,208.69102478027344,82.40894317626953
6427,cut3,6427,POPC,319,45.65647888183594,72.42223358154297,93.58483123779297
6427,cut3,6427,POPC,320,183.68284606933594,192.20619201660156,84.02101135253906
6427,cut3,6427,POPC,321,45.362342834472656,218.83103942871094,86.59397888183594
6427,cut3,6427,POPC,322,22.073387145996094,161.6861114501953,79.39471435546875
6427,cut3,6427,POPC,323,24.97662353515625,7.229710578918457,92.43114471435547
6427,cut3,6427,POPC,324,158.88841247558594,6.583217620849609,101.25028991699219
6427,cut3,6427,POPC,325,87.11265563964844,44.581932067871094,86.7275390625
6427,cut3,6427,POPC,326,35.529296875,137.2668914794922,83.48869323730469
6427,cut3,6427,POPC,327,197.47349548339844,207.11456298828125,87.2367935180664
6427,cut3,6427,POPC,328,210.22596740722656,54.32728958129883,91.93647003173828
6427,cut3,6427,POPC,329,77.11263275146484,69.2550277709961,91.56916809082031
6427,cut3,6427,POPC,330,39.760772705078125,5.083546161651611,89.56864166259766
6427,cut3,6427,POPC,331,204.79791259765625,83.2952651977539,98.0101547241211
6427,cut3,6427,POPC,332,106.4373550415039,29.417348861694336,86.51752471923828
6427,cut3,6427,POPC,333,145.7877655029297,77.34750366210938,70.79502868652342
6427,cut3,6427,POPC,334,25.58681869506836,84.00989532470703,92.81361389160156
6427,cut3,6427,POPC,335,198.26113891601562,18.901126861572262,92.7168197631836
6427,cut3,6427,POPC,336,153.38821411132812,146.9326934814453,73.50411987304688
6427,cut3,6427,POPC,337,193.30604553222656,17.811891555786133,54.003265380859375
6427,cut3,6427,POPC,338,132.75733947753906,74.68809509277344,69.06583404541016
6427,cut3,6427,POPC,339,42.14031219482422,40.77493667602539,89.39762115478516
6427,cut3,6427,POPC,340,127.10169982910156,153.07431030273438,68.94202423095703
6427,cut3,6427,POPC,341,203.02667236328125,193.30897521972656,85.85466766357422
6427,cut3,6427,POPC,342,80.98822021484375,26.84604835510254,90.864501953125
6427,cut3,6427,POPC,343,139.63851928710938,124.35555267333984,77.64222717285156
6427,cut3,6427,POPC,344,148.0513458251953,21.361013412475586,88.68157958984375
6427,cut3,6427,POPC,345,116.4780502319336,200.8387451171875,83.87804412841797
6427,cut3,6427,POPC,346,55.761878967285156,46.163551330566406,92.44437408447266
6427,cut3,6427,POPC,347,208.1428985595703,197.8665313720703,85.24137878417969
6427,cut3,6427,POPC,348,181.376220703125,159.04237365722656,81.86182403564453
6427,cut3,6427,POPC,349,185.53749084472656,123.30438232421875,86.68344116210936
6427,cut3,6427,POPC,350,130.0328826904297,165.79942321777344,67.32251739501953
6427,cut3,6427,POPC,351,149.39833068847656,189.35638427734375,77.45935821533203
6427,cut3,6427,POPC,352,21.446765899658203,150.71653747558594,81.4277114868164
6427,cut3,6427,POPC,353,74.27373504638672,191.64132690429688,82.21652221679688
6427,cut3,6427,POPC,354,129.7012481689453,114.11043548583984,76.42133331298828
6427,cut3,6427,POPC,355,56.02721405029297,120.40641784667967,79.99983215332031
6427,cut3,6427,POPC,356,135.7018585205078,85.39797973632812,68.97547149658203
6427,cut3,6427,POPC,357,170.6801300048828,134.52418518066406,79.55946350097656
6427,cut3,6427,POPC,358,30.293777465820312,186.4387969970703,87.92401885986328
6427,cut3,6427,POPC,359,182.4326171875,27.592496871948242,97.12724304199219
6427,cut3,6427,POPC,360,172.74266052246094,87.57659912109375,88.43324279785156
6427,cut3,6427,POPC,361,64.85263061523438,165.7767333984375,78.39879608154297
6427,cut3,6427,POPC,362,15.632164001464844,170.43251037597656,79.70563507080078
6427,cut3,6427,POPC,363,65.61872100830078,2.573045492172241,84.9416732788086
6427,cut3,6427,POPC,364,12.106876373291016,85.38967895507812,91.56198120117188
6427,cut3,6427,POPC,365,30.42908477783203,215.66375732421875,85.91984558105469
6427,cut3,6427,POPC,366,108.87325286865234,70.19305419921875,81.07189178466797
6427,cut3,6427,POPC,367,123.8372802734375,93.50548553466797,71.4102783203125
6427,cut3,6427,POPC,368,164.09365844726562,172.67514038085938,74.91355895996094
6427,cut3,6427,POPC,369,65.64117431640625,56.234745025634766,91.3489761352539
6427,cut3,6427,POPC,370,194.73794555664062,85.10806274414062,96.96410369873047
6427,cut3,6427,POPC,371,167.9710235595703,159.2342987060547,78.05078887939453
6427,cut3,6427,POPC,372,60.83697509765624,193.181396484375,84.51622009277344
6427,cut3,6427,POPC,373,11.336692810058592,127.05398559570312,79.65971374511719
6427,cut3,6427,POPC,374,155.13058471679688,177.26724243164062,70.90886688232422
6427,cut3,6427,POPC,375,121.6783447265625,76.24480438232422,73.89251708984375
6427,cut3,6427,POPC,376,35.90633773803711,80.91612243652344,95.58304595947266
6427,cut3,6427,POPC,377,95.87802124023438,125.61448669433594,75.26651000976562
6427,cut3,6427,POPC,378,15.821147918701172,73.74280548095703,91.88790893554688
6427,cut3,6427,POPC,379,175.2842559814453,24.145679473876953,98.3740005493164
6427,cut3,6427,POPC,380,3.7791576385498047,32.52299499511719,95.0674819946289
6427,cut3,6427,POPC,381,81.21415710449219,172.47711181640625,77.55641174316406
6427,cut3,6427,POPC,382,33.94379425048828,164.65420532226562,82.66521453857422
6427,cut3,6427,POPC,383,134.44100952148438,47.37221145629883,87.5404281616211
6427,cut3,6427,POPC,384,157.28787231445312,125.75240325927734,36.27050399780274
6427,cut3,6427,POPC,385,74.04193878173828,161.88088989257812,77.75025939941406
6427,cut3,6427,POPC,386,12.92386245727539,220.81829833984375,86.5185775756836
6427,cut3,6427,POPC,387,122.62703704833984,130.5501708984375,71.16099548339844
6427,cut3,6427,POPC,388,185.14437866210938,216.7369842529297,93.50586700439453
6427,cut3,6427,POPC,389,6.8965606689453125,83.42402648925781,94.0869140625
6427,cut3,6427,POPC,390,196.66201782226562,188.34146118164062,85.43209075927734
6427,cut3,6427,POPC,391,128.60885620117188,47.61335754394531,87.70011138916016
6427,cut3,6427,POPC,392,146.86253356933594,152.9080810546875,74.95551300048828
6427,cut3,6427,POPC,393,196.18040466308594,183.156005859375,83.29981231689453
6427,cut3,6427,POPC,394,73.06012725830078,63.87459945678711,93.57032012939453
6427,cut3,6427,POPC,395,127.62056732177734,52.87177276611328,82.92344665527344
6427,cut3,6427,POPC,396,106.86206817626953,152.9937744140625,73.37199401855469
6427,cut3,6427,POPC,397,107.51187133789062,16.928850173950195,85.8870849609375
6427,cut3,6427,POPC,398,16.948909759521484,17.885047912597656,91.08356475830078
6427,cut3,6427,POPC,399,38.72773361206055,69.2779312133789,97.4953842163086
6427,cut3,6427,POPC,400,158.55618286132812,45.668033599853516,85.2900619506836
6427,cut3,6427,POPC,401,163.60610961914062,8.840885162353516,93.65753936767578
6427,cut3,6427,POPC,402,158.52540588378903,-1.35517156124115,98.73597717285155
6427,cut3,6427,POPC,403,54.744606018066406,76.34161376953125,94.11418914794922
6427,cut3,6427,POPC,404,72.77037811279297,179.67930603027344,83.08058166503906
6427,cut3,6427,POPC,405,103.19145202636719,122.7754440307617,77.9084243774414
6427,cut3,6427,POPC,406,88.84153747558594,197.70913696289062,85.63497161865234
6427,cut3,6427,POPC,407,77.570556640625,219.21072387695312,86.06041717529297
6427,cut3,6427,POPC,408,120.11324310302734,28.945497512817383,90.13074493408203
6427,cut3,6427,POPC,409,55.123291015625,68.27376556396484,92.1897964477539
6427,cut3,6427,POPC,410,52.75054168701172,150.61317443847656,81.02337646484375
6427,cut3,6427,POPC,411,115.86587524414061,222.8816375732422,92.71870422363281
6427,cut3,6427,POPC,412,157.46109008789062,108.96129608154297,78.47496032714844
6427,cut3,6427,POPC,413,117.69271087646484,156.77618408203125,65.76082611083984
6427,cut3,6427,POPC,414,87.4040756225586,209.49539184570312,87.77647399902344
6427,cut3,6427,POPC,415,95.98544311523438,72.01887512207031,84.55685424804688
6427,cut3,6427,POPC,416,78.59058380126953,43.252376556396484,89.91011810302734
6427,cut3,6427,POPC,417,192.67214965820312,96.049560546875,95.52176666259766
6427,cut3,6427,POPC,418,194.20266723632812,70.09937286376953,96.436279296875
6427,cut3,6427,POPC,419,190.78335571289062,53.907012939453125,95.82534790039062
6427,cut3,6427,POPC,420,138.7488250732422,78.33495330810547,67.33272552490234
6427,cut3,6427,POPC,421,214.72787475585938,11.642720222473145,93.12796020507812
6427,cut3,6427,POPC,422,202.36549377441406,91.83431243896484,99.1891860961914
6427,cut3,6427,POPC,423,209.05906677246094,155.00411987304688,76.93962097167969
6427,cut3,6427,POPC,424,95.14922332763672,27.322208404541016,89.52289581298828
6427,cut3,6427,POPC,425,151.8963165283203,136.65365600585938,74.53032684326172
6427,cut3,6427,POPC,426,20.65118408203125,-0.32502067089080805,84.8544692993164
6427,cut3,6427,POPC,427,21.032974243164062,200.47445678710938,87.08782958984375
6427,cut3,6427,POPC,428,142.32220458984375,163.67076110839844,66.91153717041016
6427,cut3,6427,POPC,429,85.67102813720703,153.1712188720703,74.62986755371094
6427,cut3,6427,POPC,430,13.718379974365234,208.3839111328125,89.56151580810547
6427,cut3,6427,POPC,431,7.451198577880859,210.48849487304688,85.75614929199219
6427,cut3,6427,POPC,432,130.80462646484375,4.685907363891602,94.13790893554688
6427,cut3,6427,POPC,433,148.94642639160156,113.35050201416016,78.31692504882812
6427,cut3,6427,POPC,434,64.06997680664062,16.667083740234375,87.74001312255858
6427,cut3,6427,POPC,435,162.87176513671875,133.8817138671875,79.77197265625
6427,cut3,6427,POPC,436,94.02664947509766,160.0637664794922,78.80157470703125
6427,cut3,6427,POPC,437,131.71139526367188,121.47343444824219,74.57210540771484
6427,cut3,6427,POPC,438,58.89153289794922,106.59313201904297,82.76663208007812
6427,cut3,6427,POPC,439,87.23678588867188,160.52272033691406,78.0407485961914
6427,cut3,6427,POPC,440,88.77180480957031,93.10812377929688,83.50341796875
6427,cut3,6427,POPC,441,24.485931396484375,92.3361587524414,90.6281509399414
6427,cut3,6427,POPC,442,208.45193481445312,66.7527847290039,95.98406219482422
6427,cut3,6427,POPC,443,28.23389434814453,78.68599700927734,92.5833511352539
6427,cut3,6427,POPC,444,106.67138671875,98.2675247192383,82.03240966796875
6427,cut3,6427,POPC,445,70.71488189697266,201.75843811035156,83.56877899169922
6427,cut3,6427,POPC,446,92.43678283691406,212.7378387451172,86.95513153076172
6427,cut3,6427,POPC,447,192.17105102539062,16.54871940612793,102.58124542236328
6427,cut3,6427,POPC,448,92.3322982788086,202.6742401123047,80.49943542480469
6427,cut3,6427,POPC,449,85.81551361083984,49.32624435424805,49.19989776611328
6427,cut3,6427,POPC,450,204.59156799316406,57.344913482666016,96.52593231201172
6427,cut3,6427,POPC,451,118.86857604980469,19.675790786743164,89.92902374267578
6427,cut3,6427,POPC,452,205.53846740722656,222.57919311523438,49.23814392089844
6427,cut3,6427,POPC,453,204.8144989013672,219.6875762939453,88.63280487060547
6427,cut3,6427,POPC,454,64.64119720458984,145.1251678466797,81.18341827392578
6427,cut3,6427,POPC,455,157.11544799804688,185.1636962890625,71.61056518554688
6427,cut3,6427,POPC,456,161.8176727294922,113.55523681640625,79.83065032958984
6427,cut3,6427,POPC,457,70.93986511230469,51.965980529785156,90.20751953125
6427,cut3,6427,POPC,458,59.494728088378906,160.437255859375,78.73833465576172
6427,cut3,6427,POPC,459,9.932022094726562,33.796539306640625,92.5647964477539
6427,cut3,6427,POPC,460,179.12945556640625,74.23438262939453,93.12555694580078
6427,cut3,6427,POPC,461,96.69744873046875,63.43071365356445,88.36287689208984
6427,cut3,6427,POPC,462,93.92826843261719,1.370750069618225,88.10774230957031
6427,cut3,6427,POPC,463,20.226871490478516,191.05523681640628,85.3507308959961
6427,cut3,6427,POPC,464,69.87335205078125,211.7714080810547,83.35733795166016
6427,cut3,6427,POPC,465,92.63460540771484,150.73458862304688,73.54606628417969
6427,cut3,6427,POPC,466,46.72734832763672,208.39691162109375,83.2913818359375
6427,cut3,6427,POPC,467,16.03577423095703,136.0679168701172,78.57750701904297
6427,cut3,6427,POPC,468,97.85835266113281,181.25827026367188,79.26448059082031
6427,cut3,6427,POPC,469,29.947528839111328,157.66064453125,81.11660766601562
6427,cut3,6427,POPC,470,193.0943145751953,164.01316833496094,78.33021545410156
6427,cut3,6427,POPC,471,188.15101623535156,31.89786148071289,97.58894348144531
6427,cut3,6427,POPC,472,80.80580139160156,149.58682250976562,77.56470489501953
6427,cut3,6427,POPC,473,41.374229431152344,85.06748962402344,93.63246154785156
6427,cut3,6427,POPC,474,38.058223724365234,190.52906799316406,88.69676208496094
6427,cut3,6427,POPC,475,160.45327758789062,177.2894287109375,75.41567993164061
6427,cut3,6427,POPC,476,149.78501892089844,30.51692771911621,86.48956298828125
6427,cut3,6427,POPC,477,29.722881317138672,134.65109252929688,82.17774200439453
6427,cut3,6427,POPC,478,164.13795471191406,154.52096557617188,78.30060577392578
6427,cut3,6427,POPC,479,147.078125,185.4965362548828,74.49442291259766
6427,cut3,6427,POPC,480,183.51707458496094,143.46580505371094,86.16862487792969
6427,cut3,6427,POPC,481,69.40824127197266,35.49618911743164,89.42814636230469
6427,cut3,6427,POPC,482,27.742992401123047,166.07528686523438,82.46637725830078
6427,cut3,6427,POPC,483,55.245506286621094,175.08396911621094,88.33443450927734
6427,cut3,6427,POPC,484,61.703697204589844,79.8067398071289,89.37276458740234
6427,cut3,6427,POPC,485,63.933265686035156,122.13592529296875,72.74110412597656
6427,cut3,6427,POPC,486,175.44125366210938,-0.5233453512191772,91.11314392089844
6427,cut3,6427,POPC,487,55.24553680419922,165.9606170654297,80.02230834960938
6427,cut3,6427,POPC,488,75.18694305419922,207.44564819335938,84.7360382080078
6427,cut3,6427,POPC,489,59.40763854980469,138.77391052246094,79.41362762451172
6427,cut3,6427,POPC,490,172.0320281982422,127.9508285522461,80.16541290283203
6427,cut3,6427,POPC,491,156.89602661132812,195.03761291503906,78.18441009521484
6427,cut3,6427,POPC,492,130.93252563476562,38.89374923706055,49.79069137573242
6427,cut3,6427,POPC,493,78.25348663330078,87.50450897216797,88.090576171875
6427,cut3,6427,POPC,494,49.8658447265625,182.5839080810547,88.76610565185547
6427,cut3,6427,POPC,495,131.55795288085938,147.64559936523438,68.36084747314453
6427,cut3,6427,POPC,496,104.55668640136719,-5.7733235359191895,86.42205047607422
6427,cut3,6427,POPC,497,98.35615539550781,216.58872985839844,88.33866119384766
6427,cut3,6427,POPC,498,123.89543151855469,215.36878967285156,91.11483764648438
6427,cut3,6427,POPC,499,31.456584930419922,200.2186737060547,88.46695709228516
6427,cut3,6427,POPC,500,120.67283630371094,43.697288513183594,85.74557495117188
6427,cut3,6427,POPC,501,51.283424377441406,137.81639099121094,77.73106384277344
6427,cut3,6427,POPC,502,147.3073272705078,142.202880859375,71.91677856445312
6427,cut3,6427,POPC,503,144.4347381591797,52.69449234008789,83.26712799072266
6427,cut3,6427,POPC,504,25.408920288085938,129.7757110595703,82.71292877197266
6427,cut3,6427,POPC,505,138.49859619140625,46.916229248046875,83.74708557128906
6427,cut3,6427,POPC,506,126.04816436767578,11.027283668518066,92.82005310058594
6427,cut3,6427,POPC,507,194.6035614013672,26.387313842773438,96.63279724121094
6427,cut3,6427,POPC,508,124.05336761474608,145.9755859375,73.85702514648438
6427,cut3,6427,POPC,509,24.84313201904297,145.02296447753906,81.70603942871094
6427,cut3,6427,POPC,510,56.29046630859375,94.30354309082031,86.5293197631836
6427,cut3,6427,POPC,511,183.0431671142578,82.137451171875,92.1361312866211
6427,cut3,6427,POPC,512,66.8383331298828,178.09585571289062,85.01788330078125
6427,cut3,6427,POPC,513,83.90563201904297,204.7657012939453,84.47893524169922
6427,cut3,6427,POPC,514,59.24974060058594,62.30168151855469,94.65391540527344
6427,cut3,6427,POPC,515,178.32493591308594,215.98904418945312,90.95279693603516
6427,cut3,6427,POPC,516,187.67213439941406,99.94811248779297,89.450927734375
6427,cut3,6427,POPC,517,99.73839569091797,14.640811920166016,82.58707427978516
6427,cut3,6427,POPC,518,213.16224670410156,-5.98921537399292,91.00586700439453
6427,cut3,6427,POPC,519,86.50212097167969,23.80559539794922,89.18341064453125
6427,cut3,6427,POPC,520,113.30451202392578,95.74829864501953,70.96248626708984
6427,cut3,6427,POPC,521,86.27290344238281,52.40202331542969,91.1974105834961
6427,cut3,6427,POPC,522,36.17654037475586,34.06485366821289,93.3655776977539
6427,cut3,6427,POPC,523,191.73936462402344,206.9623260498047,85.60694885253906
6427,cut3,6427,POPC,524,3.384645462036133,214.97691345214844,86.34685516357422
6427,cut3,6427,POPC,525,186.16336059570312,159.1607513427734,77.88534545898438
6427,cut3,6427,POPC,526,49.13549041748047,24.923404693603516,90.7191390991211
6427,cut3,6427,POPC,527,65.39955139160156,28.79307746887207,90.33331298828125
6427,cut3,6427,POPC,528,208.40037536621094,42.3481330871582,96.6432876586914
6427,cut3,6427,POPC,529,36.88951110839844,15.254080772399902,92.5944595336914
6427,cut3,6427,POPC,530,172.94442749023438,114.24440002441406,81.9439697265625
6427,cut3,6427,POPC,531,194.83297729492188,9.437556266784668,91.57268524169922
6427,cut3,6427,POPC,532,114.05687713623047,72.87532806396484,76.0636215209961
6427,cut3,6427,POPC,533,91.88716125488281,185.20327758789062,80.85039520263672
6427,cut3,6427,POPC,534,85.64945220947266,34.692970275878906,90.57625579833984
6427,cut3,6427,POPC,535,108.49861145019531,58.33570861816406,85.05271911621094
6427,cut3,6427,POPC,536,174.59368896484375,5.604753494262695,92.49908447265625
6427,cut3,6427,POPC,537,66.14154815673828,137.21873474121094,79.25569915771484
6427,cut3,6427,POPC,538,76.42936706542969,138.06314086914062,74.00407409667969
6427,cut3,6427,POPC,539,120.63020324707031,55.57533264160156,83.18090057373047
6427,cut3,6427,POPC,540,48.467384338378906,37.007835388183594,92.61775970458984
6427,cut3,6427,POPC,541,119.41857147216797,67.88555908203125,84.31639862060547
6427,cut3,6427,POPC,542,166.881103515625,222.49404907226562,95.13129425048828
6427,cut3,6427,POPC,543,36.51654052734375,41.14562225341797,94.48106384277344
6427,cut3,6427,POPC,544,116.01502990722656,87.08799743652344,73.1339340209961
6427,cut3,6427,POPC,545,6.03179931640625,198.53305053710938,84.29430389404297
6427,cut3,6427,POPC,546,207.73345947265625,5.511536121368408,92.05183410644531
6427,cut3,6427,POPC,547,72.77482604980469,83.78992462158203,88.02436065673828
6427,cut3,6427,POPC,548,38.36817932128906,162.11495971679688,79.86312103271484
6427,cut3,6427,POPC,549,182.59979248046875,198.4624786376953,85.50289154052734
6427,cut3,6427,POPC,550,81.95883178710938,138.99403381347656,77.38260650634766
6427,cut3,6427,POPC,551,85.18551635742188,124.16739654541016,70.27753448486328
6427,cut3,6427,POPC,552,12.595600128173828,140.13040161132812,80.17875671386719
6427,cut3,6427,POPC,553,11.992298126220703,78.90385437011719,90.85063934326172
6427,cut3,6427,POPC,554,208.3101043701172,13.110218048095703,92.19620513916016
6427,cut3,6427,POPC,555,5.326272964477539,166.37442016601562,76.54931640625
6427,cut3,6427,POPC,556,54.41511535644531,101.099365234375,53.221290588378906
6427,cut3,6427,POPC,557,112.9731674194336,214.11318969726562,86.32878112792969
6427,cut3,6427,POPC,558,57.079193115234375,24.28215980529785,92.67955017089844
6427,cut3,6427,POPC,559,205.74716186523438,96.57096862792969,98.77403259277344
6427,cut3,6427,POPC,560,152.0495147705078,129.16334533691406,74.22941589355469
6427,cut3,6427,POPC,561,110.13306427001953,199.5848846435547,82.89254760742188
6427,cut3,6427,POPC,562,182.66871643066406,103.41513061523438,87.02129364013672
6427,cut3,6427,POPC,563,30.399669647216797,118.34934997558594,78.64152526855469
6427,cut3,6427,POPC,564,124.75918579101562,170.29006958007812,67.73757934570312
6427,cut3,6427,POPC,565,45.81068420410157,15.906198501586914,93.9036865234375
6427,cut3,6427,POPC,566,170.88519287109375,182.65650939941406,79.88129425048828
6427,cut3,6427,POPC,567,186.15277099609375,76.11284637451172,54.15213394165039
6427,cut3,6427,POPC,568,23.020790100097656,62.23024368286132,94.30580139160156
6427,cut3,6427,POPC,569,75.75849914550781,35.43358612060547,89.50690460205078
6427,cut3,6427,POPC,570,166.66464233398438,94.74341583251953,84.77342224121094
6427,cut3,6427,POPC,571,208.0342559814453,138.89599609375,79.1367416381836
6427,cut3,6427,POPC,572,55.01844787597656,206.0834197998047,80.79718017578125
6427,cut3,6427,POPC,573,11.203628540039062,149.73524475097656,78.48988342285156
6427,cut3,6427,POPC,574,60.12550354003906,154.2403564453125,78.82882690429688
6427,cut3,6427,POPC,575,120.6422119140625,27.721837997436523,51.08484649658203
6427,cut3,6427,POPC,576,67.5532455444336,74.4096450805664,89.8582992553711
6427,cut3,6427,POPC,577,62.20211029052734,210.6454620361328,83.7953872680664
6427,cut3,6427,POPC,578,47.38965606689453,190.265869140625,85.87049102783203
6427,cut3,6427,POPC,579,143.5660400390625,193.8824462890625,71.49420928955078
6427,cut3,6427,POPC,580,158.35812377929688,119.74192810058594,76.98995971679688
6427,cut3,6427,POPC,581,17.451709747314453,117.07335662841797,78.38165283203125
6427,cut3,6427,POPC,582,9.011940002441406,172.94488525390625,78.79975128173828
6427,cut3,6427,POPC,583,149.21615600585938,104.91085815429688,76.901611328125
6427,cut3,6427,POPC,584,139.19451904296875,40.45799255371094,87.45360565185547
6427,cut3,6427,POPC,585,145.45912170410156,19.528310775756836,95.6068344116211
6427,cut3,6427,POPC,586,207.6431884765625,30.88968849182129,96.17813110351562
6427,cut3,6427,POPC,587,15.6998291015625,1.5747812986373901,93.40742492675781
6427,cut3,6427,POPC,588,36.63025665283203,184.86920166015625,85.76172637939453
6427,cut3,6427,POPC,589,68.64820861816408,159.2423858642578,75.89411926269531
6427,cut3,6427,POPC,590,43.54071044921875,30.57155418395996,90.53237915039062
6427,cut3,6427,POPC,591,94.06266021728516,142.92127990722656,74.41387176513672
6427,cut3,6427,POPC,592,106.70159912109375,209.46496582031253,82.7890853881836
6427,cut3,6427,POPC,593,50.377113342285156,200.07467651367188,84.8399658203125
6427,cut3,6427,POPC,594,42.973106384277344,0.9171942472457886,49.366024017333984
6427,cut3,6427,POPC,595,146.9468231201172,161.4678955078125,74.2047119140625
6427,cut3,6427,POPC,596,0.47499462962150574,207.52737426757812,89.47410583496094
6427,cut3,6427,POPC,597,79.14962005615234,8.415822982788086,86.91515350341797
6427,cut3,6427,POPC,598,52.405548095703125,-3.049421787261963,82.65585327148438
6427,cut3,6427,POPC,599,68.87108612060547,44.51749801635742,90.94795989990234
6427,cut3,6427,POPC,600,49.558326721191406,144.64158630371094,79.88465118408203
6427,cut3,6427,POPC,601,59.46665954589844,202.48886108398438,83.43413543701172
6427,cut3,6427,POPC,602,89.60689544677734,127.81587982177734,71.1539535522461
6427,cut3,6427,POPC,603,44.634300231933594,92.7566146850586,91.56011962890625
6427,cut3,6427,POPC,604,63.93197631835938,48.1910400390625,89.15669250488281
6427,cut3,6427,POPC,605,100.00884246826172,89.92143249511719,81.22747039794922
6427,cut3,6427,POPC,606,160.46424865722656,188.91012573242188,76.77639770507812
6427,cut3,6427,POPC,607,127.65750885009766,175.24839782714844,70.17488861083984
6427,cut3,6427,POPC,608,128.86990356445312,93.55799102783203,33.884578704833984
6427,cut3,6427,POPC,609,27.305282592773438,45.42478942871094,56.62532424926758
6427,cut3,6427,POPC,610,100.92601013183594,177.96620178222656,39.06195831298829
6427,cut3,6427,POPC,611,181.4389190673828,143.99221801757812,44.84884262084961
6427,cut3,6427,POPC,612,75.65226745605469,46.285648345947266,50.13385009765625
6427,cut3,6427,POPC,613,167.34164428710938,177.9928741455078,46.605186462402344
6427,cut3,6427,POPC,614,157.19601440429688,145.20858764648438,36.2814826965332
6427,cut3,6427,POPC,615,154.06863403320312,2.458869218826294,55.86402893066406
6427,cut3,6427,POPC,616,174.1090850830078,220.41876220703125,55.488834381103516
6427,cut3,6427,POPC,617,96.80928039550781,195.412109375,45.01948928833008
6427,cut3,6427,POPC,618,78.66299438476562,173.9265899658203,41.25832748413086
6427,cut3,6427,POPC,619,47.81012725830078,34.9169921875,53.73142623901368
6427,cut3,6427,POPC,620,211.59571838378906,210.45399475097656,49.386898040771484
6427,cut3,6427,POPC,621,192.810791015625,218.91900634765625,49.13723373413086
6427,cut3,6427,POPC,622,103.69441223144531,31.519031524658203,46.419376373291016
6427,cut3,6427,POPC,623,21.557735443115234,32.5494499206543,55.295162200927734
6427,cut3,6427,POPC,624,46.641510009765625,68.2688980102539,52.17222595214844
6427,cut3,6427,POPC,625,10.1256103515625,174.3653564453125,41.854400634765625
6427,cut3,6427,POPC,626,50.18885040283203,42.346961975097656,54.017627716064446
6427,cut3,6427,POPC,627,181.27195739746094,119.79098510742188,42.775138854980476
6427,cut3,6427,POPC,628,119.73274230957031,203.5211944580078,42.958168029785156
6427,cut3,6427,POPC,629,204.72950744628906,205.3931427001953,45.01382064819336
6427,cut3,6427,POPC,630,178.34890747070312,112.75686645507812,43.55693054199219
6427,cut3,6427,POPC,631,187.6457061767578,142.34642028808594,45.12763214111328
6427,cut3,6427,POPC,632,32.06061553955078,9.056836128234863,50.248268127441406
6427,cut3,6427,POPC,633,7.83349609375,6.372974872589111,53.40922164916992
6427,cut3,6427,POPC,634,95.68119812011719,15.681707382202148,46.39963912963867
6427,cut3,6427,POPC,635,72.55960083007812,156.70497131347656,38.781036376953125
6427,cut3,6427,POPC,636,17.796283721923828,150.03111267089844,44.58448791503906
6427,cut3,6427,POPC,637,93.32189178466797,114.56108856201172,47.249183654785156
6427,cut3,6427,POPC,638,56.927001953125,4.363074779510498,48.14067459106445
6427,cut3,6427,POPC,639,102.56385040283203,40.48188018798828,51.48467254638672
6427,cut3,6427,POPC,640,199.3444061279297,212.37974548339844,45.60224533081055
6427,cut3,6427,POPC,641,192.67250061035156,114.81464385986328,46.17887878417969
6427,cut3,6427,POPC,642,207.3064727783203,144.0142059326172,46.20524215698242
6427,cut3,6427,POPC,643,17.99279022216797,27.900671005249023,55.00175857543945
6427,cut3,6427,POPC,644,193.4818115234375,51.053375244140625,58.40645217895508
6427,cut3,6427,POPC,645,128.9272003173828,149.08152770996094,33.48872375488281
6427,cut3,6427,POPC,646,193.28778076171875,78.36416625976562,55.347816467285156
6427,cut3,6427,POPC,647,199.95761108398438,105.37605285644531,51.999847412109375
6427,cut3,6427,POPC,648,53.069129943847656,33.80504608154297,51.79132080078125
6427,cut3,6427,POPC,649,198.36392211914062,127.133056640625,47.19725799560547
6427,cut3,6427,POPC,650,182.7304229736328,35.855709075927734,59.94423294067383
6427,cut3,6427,POPC,651,14.432746887207031,196.77784729003906,47.27781295776367
6427,cut3,6427,POPC,652,53.70465087890625,170.6876220703125,46.09424591064453
6427,cut3,6427,POPC,653,55.16350555419922,62.6073112487793,51.36494064331055
6427,cut3,6427,POPC,654,167.99835205078125,123.16636657714844,44.38812255859375
6427,cut3,6427,POPC,655,64.92591857910156,208.1531982421875,48.22999572753906
6427,cut3,6427,POPC,656,49.016380310058594,211.39292907714844,49.36800003051758
6427,cut3,6427,POPC,657,88.47679138183594,198.91171264648438,46.31040573120117
6427,cut3,6427,POPC,658,170.86627197265625,104.80357360839844,41.842594146728516
6427,cut3,6427,POPC,659,127.33505249023438,58.13151168823242,37.01875686645508
6427,cut3,6427,POPC,660,6.83898162841797,190.70858764648438,46.453739166259766
6427,cut3,6427,POPC,661,106.36394500732422,125.77298736572266,38.63497543334961
6427,cut3,6427,POPC,662,64.35541534423828,25.96589469909668,49.64537048339844
6427,cut3,6427,POPC,663,19.80423355102539,198.2290802001953,48.83184051513672
6427,cut3,6427,POPC,664,34.536964416503906,19.902481079101562,51.06151580810547
6427,cut3,6427,POPC,665,102.39555358886719,10.055644989013674,48.83140563964844
6427,cut3,6427,POPC,666,77.81439971923828,169.2687530517578,35.603515625
6427,cut3,6427,POPC,667,63.93272399902344,167.88392639160156,43.999393463134766
6427,cut3,6427,POPC,668,65.26100158691406,5.079351425170898,48.88711929321289
6427,cut3,6427,POPC,669,122.72079467773438,134.36424255371094,35.82088088989258
6427,cut3,6427,POPC,670,3.2852725982666016,185.69552612304688,43.87351989746094
6427,cut3,6427,POPC,671,27.70923614501953,160.5619354248047,41.508281707763665
6427,cut3,6427,POPC,672,189.6896209716797,160.6144561767578,42.274681091308594
6427,cut3,6427,POPC,673,29.736316680908203,226.54246520996094,48.421321868896484
6427,cut3,6427,POPC,674,189.73760986328125,23.320781707763672,52.86655807495117
6427,cut3,6427,POPC,675,35.2991943359375,57.866275787353516,56.10080337524414
6427,cut3,6427,POPC,676,154.81854248046875,173.6559295654297,40.76030731201172
6427,cut3,6427,POPC,677,48.563560485839844,49.55162048339844,51.71648406982422
6427,cut3,6427,POPC,678,70.89562225341797,18.282840728759766,49.60556411743164
6427,cut3,6427,POPC,679,69.96400451660156,62.74748229980469,49.359779357910156
6427,cut3,6427,POPC,680,138.8177947998047,-1.0955098867416382,55.33959197998047
6427,cut3,6427,POPC,681,78.06196594238281,27.419574737548828,50.87279510498047
6427,cut3,6427,POPC,682,83.68106842041016,170.19773864746094,34.0181999206543
6427,cut3,6427,POPC,683,76.23381805419922,173.11956787109375,80.40235137939453
6427,cut3,6427,POPC,684,197.4688262939453,204.28892517089844,46.664878845214844
6427,cut3,6427,POPC,685,166.79600524902344,-0.9191397428512573,56.47422409057617
6427,cut3,6427,POPC,686,45.00304412841797,91.5294418334961,54.55070114135742
6427,cut3,6427,POPC,687,107.36251068115234,219.62147521972656,42.920936584472656
6427,cut3,6427,POPC,688,91.85456848144531,185.4046630859375,41.10676193237305
6427,cut3,6427,POPC,689,209.9102783203125,45.471553802490234,57.1496696472168
6427,cut3,6427,POPC,690,83.15679931640625,186.2812042236328,43.02334976196289
6427,cut3,6427,POPC,691,3.9218711853027344,24.760496139526367,50.05071258544922
6427,cut3,6427,POPC,692,65.57981872558594,223.57118225097656,48.46530532836914
6427,cut3,6427,POPC,693,12.378105163574217,214.3566436767578,50.48191452026367
6427,cut3,6427,POPC,694,111.26494598388672,204.42599487304688,46.24305725097656
6427,cut3,6427,POPC,695,114.59674072265625,84.29083251953125,38.788604736328125
6427,cut3,6427,POPC,696,123.1350326538086,153.9495849609375,31.94306182861328
6427,cut3,6427,POPC,697,85.42813110351562,36.58601760864258,50.002952575683594
6427,cut3,6427,POPC,698,200.98971557617188,116.4921646118164,47.9095458984375
6427,cut3,6427,POPC,699,61.117645263671875,21.27176856994629,48.95165252685547
6427,cut3,6427,POPC,700,92.66670989990234,191.27223205566406,43.37248611450195
6427,cut3,6427,POPC,701,36.88201904296875,3.761432647705078,48.70390319824219
6427,cut3,6427,POPC,702,117.4445571899414,225.3979034423828,44.679927825927734
6427,cut3,6427,POPC,703,97.64781951904297,203.3320770263672,44.44145202636719
6427,cut3,6427,POPC,704,18.22040557861328,165.0360870361328,45.004703521728516
6427,cut3,6427,POPC,705,174.62451171875,19.608640670776367,60.13687515258789
6427,cut3,6427,POPC,706,182.24998474121094,129.0620574951172,42.48031234741211
6427,cut3,6427,POPC,707,52.87053680419922,198.09898376464844,46.46364212036133
6427,cut3,6427,POPC,708,24.02328872680664,22.224647521972656,56.029842376708984
6427,cut3,6427,POPC,709,133.8324432373047,155.44651794433594,34.924781799316406
6427,cut3,6427,POPC,710,0.06141086667776108,175.84506225585938,40.08512496948242
6427,cut3,6427,POPC,711,113.45983123779297,193.7601776123047,42.43569564819336
6427,cut3,6427,POPC,712,6.319068908691406,80.31005096435547,59.78435134887695
6427,cut3,6427,POPC,713,102.56314849853516,23.988643646240234,48.05656814575195
6427,cut3,6427,POPC,714,101.5961456298828,4.283684253692627,44.47096252441406
6427,cut3,6427,POPC,715,46.252716064453125,167.0987091064453,45.5372428894043
6427,cut3,6427,POPC,716,88.333740234375,162.53834533691406,35.591243743896484
6427,cut3,6427,POPC,717,209.8056182861328,184.44573974609375,37.494720458984375
6427,cut3,6427,POPC,718,142.2935028076172,45.66036605834961,39.78764343261719
6427,cut3,6427,POPC,719,85.09471130371094,193.26577758789062,48.57633590698242
6427,cut3,6427,POPC,720,130.30184936523438,63.80705261230469,40.79594421386719
6427,cut3,6427,POPC,721,124.75446319580078,209.5549774169922,44.492805480957024
6427,cut3,6427,POPC,722,24.31136703491211,11.901575088500977,54.67858123779297
6427,cut3,6427,POPC,723,56.208465576171875,54.16834259033203,54.294776916503906
6427,cut3,6427,POPC,724,186.77166748046875,149.79824829101562,45.547916412353516
6427,cut3,6427,POPC,725,197.62052917480466,188.97085571289062,44.36676788330078
6427,cut3,6427,POPC,726,59.57451629638672,74.96241760253906,51.26475143432617
6427,cut3,6427,POPC,727,177.91116333007812,202.27005004882812,48.770450592041016
6427,cut3,6427,POPC,728,70.34928894042969,136.37403869628906,36.59138107299805
6427,cut3,6427,POPC,729,31.896148681640625,37.29120635986328,55.17428970336914
6427,cut3,6427,POPC,730,148.78781127929688,107.53323364257812,37.641212463378906
6427,cut3,6427,POPC,731,4.735469818115234,214.5652618408203,49.985836029052734
6427,cut3,6427,POPC,732,20.065757751464844,44.414306640625,57.180438995361335
6427,cut3,6427,POPC,733,176.29168701171875,142.400634765625,42.160446166992195
6427,cut3,6427,POPC,734,13.341278076171875,45.50017547607422,58.74727249145508
6427,cut3,6427,POPC,735,52.27648162841797,9.218225479125977,48.72122573852539
6427,cut3,6427,POPC,736,70.01732635498047,161.9239959716797,41.741451263427734
6427,cut3,6427,POPC,737,29.361988067626953,152.3765869140625,40.84916687011719
6427,cut3,6427,POPC,738,74.9166488647461,73.26136779785156,49.86343002319336
6427,cut3,6427,POPC,739,13.786014556884766,200.6341400146484,51.144493103027344
6427,cut3,6427,POPC,740,171.70938110351562,111.06476593017578,39.19745635986328
6427,cut3,6427,POPC,741,176.17059326171875,152.34927368164062,40.19213104248047
6427,cut3,6427,POPC,742,95.03125,4.419239044189453,42.45020294189453
6427,cut3,6427,POPC,743,189.3807373046875,63.93205642700195,56.71259689331055
6427,cut3,6427,POPC,744,28.379009246826172,32.367706298828125,56.212825775146484
6427,cut3,6427,POPC,745,70.94370269775392,50.01784133911133,51.379554748535156
6427,cut3,6427,POPC,746,81.42335510253906,52.81695175170898,52.45566177368164
6427,cut3,6427,POPC,747,199.25146484375,132.99835205078125,44.33293533325195
6427,cut3,6427,POPC,748,92.35364532470703,10.653152465820312,45.6513557434082
6427,cut3,6427,POPC,749,194.8358917236328,104.83118438720703,52.27513885498047
6427,cut3,6427,POPC,750,72.28193664550781,142.56117248535156,34.31237030029297
6427,cut3,6427,POPC,751,135.46347045898438,218.41629028320312,55.55781555175781
6427,cut3,6427,POPC,752,138.3756103515625,137.74264526367188,33.46696090698242
6427,cut3,6427,POPC,753,72.74995422363281,172.505615234375,42.56238555908203
6427,cut3,6427,POPC,754,99.1787109375,211.4339447021484,46.91028594970703
6427,cut3,6427,POPC,755,179.65191650390625,69.16984558105469,53.96820068359375
6427,cut3,6427,POPC,756,71.27848052978516,33.1598014831543,50.192115783691406
6427,cut3,6427,POPC,757,123.47295379638672,223.3201141357422,44.498573303222656
6427,cut3,6427,POPC,758,178.79019165039062,98.12857055664062,50.44894027709961
6427,cut3,6427,POPC,759,17.709617614746094,9.555947303771973,56.25357437133789
6427,cut3,6427,POPC,760,33.520023345947266,178.5642852783203,42.94621276855469
6427,cut3,6427,POPC,761,147.8883514404297,8.98841381072998,58.3031120300293
6427,cut3,6427,POPC,762,99.69361877441406,65.83448028564453,53.81651306152344
6427,cut3,6427,POPC,763,72.91398620605469,83.79408264160156,50.18302917480469
6427,cut3,6427,POPC,764,126.32038879394531,50.80958938598633,45.60023498535156
6427,cut3,6427,POPC,765,111.31658172607422,59.398860931396484,48.41183090209962
6427,cut3,6427,POPC,766,39.64404296875,30.512111663818363,54.01664733886719
6427,cut3,6427,POPC,767,179.2485504150391,75.00578308105469,51.30790710449219
6427,cut3,6427,POPC,768,82.41819763183594,203.92430114746094,46.09053421020508
6427,cut3,6427,POPC,769,193.98585510253906,174.9447479248047,41.70182418823242
6427,cut3,6427,POPC,770,110.57588195800781,76.81317138671875,43.08837890625
6427,cut3,6427,POPC,771,99.62606811523438,186.95010375976562,41.417991638183594
6427,cut3,6427,POPC,772,51.08644104003906,23.997005462646484,51.23793029785156
6427,cut3,6427,POPC,773,155.21800231933594,154.52732849121094,32.90875244140625
6427,cut3,6427,POPC,774,3.767498016357422,51.624595642089844,60.57082748413086
6427,cut3,6427,POPC,775,197.10272216796875,10.164429664611816,50.82939529418946
6427,cut3,6427,POPC,776,172.95968627929688,4.0949578285217285,52.587059020996094
6427,cut3,6427,POPC,777,201.9991455078125,176.6445770263672,44.39130401611328
6427,cut3,6427,POPC,778,73.07220458984376,165.7653350830078,38.89309310913086
6427,cut3,6427,POPC,779,175.95382690429688,79.26054382324219,55.0567741394043
6427,cut3,6427,POPC,780,86.46302032470703,209.7746124267578,45.94511795043945
6427,cut3,6427,POPC,781,34.36231994628906,43.37632751464844,57.43943405151367
6427,cut3,6427,POPC,782,33.582828521728516,136.9910888671875,41.1318588256836
6427,cut3,6427,POPC,783,194.70469665527344,0.9284361600875854,49.31448364257813
6427,cut3,6427,POPC,784,48.44886016845703,1.564134955406189,48.950340270996094
6427,cut3,6427,POPC,785,47.181556701660156,189.6147003173828,46.47706985473633
6427,cut3,6427,POPC,786,14.810062408447266,207.6293182373047,50.0400390625
6427,cut3,6427,POPC,787,111.4535140991211,103.80571746826172,43.253963470458984
6427,cut3,6427,POPC,788,33.0517578125,114.4896469116211,52.40699005126953
6427,cut3,6427,POPC,789,175.2550811767578,173.25425720214844,40.63303756713867
6427,cut3,6427,POPC,790,13.161197662353516,137.36204528808594,52.42327880859375
6427,cut3,6427,POPC,791,95.86787414550781,40.60459518432617,51.56981658935547
6427,cut3,6427,POPC,792,65.41728210449219,154.35195922851562,77.04195404052734
6427,cut3,6427,POPC,793,35.653663635253906,27.093782424926758,49.63890838623047
6427,cut3,6427,POPC,794,62.60302734375,37.56411361694336,51.912418365478516
6427,cut3,6427,POPC,795,164.55990600585938,127.63459014892578,41.4201774597168
6427,cut3,6427,POPC,796,180.36715698242188,103.38267517089844,48.931396484375
6427,cut3,6427,POPC,797,60.850494384765625,150.47430419921875,39.4244270324707
6427,cut3,6427,POPC,798,179.88145446777344,26.802812576293945,60.8476448059082
6427,cut3,6427,POPC,799,209.79959106445312,51.35613250732422,58.5075569152832
6427,cut3,6427,POPC,800,147.00930786132812,130.9393768310547,35.90071487426758
6427,cut3,6427,POPC,801,42.21914672851563,11.027337074279785,49.38328170776367
6427,cut3,6427,POPC,802,88.38177490234375,42.37968826293945,51.568111419677734
6427,cut3,6427,POPC,803,10.699600219726562,92.23571014404297,53.355873107910156
6427,cut3,6427,POPC,804,74.33648681640625,193.5927734375,44.21268081665039
6427,cut3,6427,POPC,805,197.38145446777344,48.08060836791992,60.80186080932617
6427,cut3,6427,POPC,806,193.27944946289062,194.93930053710938,41.19954299926758
6427,cut3,6427,POPC,807,101.59300231933594,17.056190490722656,52.0134391784668
6427,cut3,6427,POPC,808,153.88900756835938,9.21272087097168,59.93803024291992
6427,cut3,6427,POPC,809,74.04730987548828,184.3944854736328,42.847896575927734
6427,cut3,6427,POPC,810,57.87174987792969,187.1469268798828,42.46095657348633
6427,cut3,6427,POPC,811,37.94618606567383,198.66802978515625,50.667694091796875
6427,cut3,6427,POPC,812,89.74276733398438,55.5308952331543,49.85377502441406
6427,cut3,6427,POPC,813,181.57379150390625,2.972158908843994,53.52084732055664
6427,cut3,6427,POPC,814,82.66999816894531,214.44656372070312,46.63634490966797
6427,cut3,6427,POPC,815,181.373046875,12.748531341552734,51.577308654785156
6427,cut3,6427,POPC,816,207.760498046875,103.36170196533203,56.29399108886719
6427,cut3,6427,POPC,817,28.391536712646484,76.34013366699219,55.798912048339844
6427,cut3,6427,POPC,818,208.43801879882812,63.006614685058594,61.137020111083984
6427,cut3,6427,POPC,819,191.54254150390625,202.36573791503906,44.998153686523445
6427,cut3,6427,POPC,820,104.99546813964844,60.48152542114258,50.481830596923835
6427,cut3,6427,POPC,821,26.073657989501953,68.9859619140625,56.41477966308594
6427,cut3,6427,POPC,822,129.73255920410156,219.99154663085938,52.63740158081055
6427,cut3,6427,POPC,823,160.4209747314453,174.41355895996094,43.692146301269524
6427,cut3,6427,POPC,824,16.470340728759766,91.52709197998047,51.52523422241211
6427,cut3,6427,POPC,825,124.44176483154297,86.61812591552734,30.203731536865234
6427,cut3,6427,POPC,826,53.112403869628906,190.0486297607422,46.493263244628906
6427,cut3,6427,POPC,827,54.58777618408203,214.529296875,48.29661178588867
6427,cut3,6427,POPC,828,43.41638946533203,19.55106544494629,48.5909423828125
6427,cut3,6427,POPC,829,54.36211395263672,147.72886657714844,42.1103401184082
6427,cut3,6427,POPC,830,189.10250854492185,126.9460220336914,46.886390686035156
6427,cut3,6427,POPC,831,44.404762268066406,82.10504150390625,54.76680374145508
6427,cut3,6427,POPC,832,48.658042907714844,76.39981842041016,52.42649841308594
6427,cut3,6427,POPC,833,33.97669982910156,79.97820281982422,52.70221710205078
6427,cut3,6427,POPC,834,14.40234375,158.55386352539062,44.709983825683594
6427,cut3,6427,POPC,835,20.23611831665039,169.13490295410156,41.13623809814453
6427,cut3,6427,POPC,836,41.022010803222656,161.91197204589844,43.83095169067383
6427,cut3,6427,POPC,837,204.60263061523438,192.6332550048828,45.85979461669922
6427,cut3,6427,POPC,838,200.6576690673828,139.4501953125,44.642948150634766
6427,cut3,6427,POPC,839,75.94381713867189,135.83961486816406,37.636722564697266
6427,cut3,6427,POPC,840,68.60189056396484,130.31588745117188,35.63239288330078
6427,cut3,6427,POPC,841,104.5021743774414,197.9723663330078,46.30076599121094
6427,cut3,6427,POPC,842,78.28996276855469,221.7886199951172,45.491397857666016
6427,cut3,6427,POPC,843,136.4147186279297,20.083879470825195,53.90214538574219
6427,cut3,6427,POPC,844,138.62698364257812,124.55807495117188,36.594970703125
6427,cut3,6427,POPC,845,68.4994354248047,144.9960174560547,37.96065902709961
6427,cut3,6427,POPC,846,71.41276550292969,215.53045654296875,47.84803009033203
6427,cut3,6427,POPC,847,96.96080780029297,95.7864761352539,40.0034294128418
6427,cut3,6427,POPC,848,45.45515441894531,216.5391082763672,50.6121711730957
6427,cut3,6427,POPC,849,8.821178436279297,42.20991897583008,59.471920013427734
6427,cut3,6427,POPC,850,80.25912475585938,33.841800689697266,50.189422607421875
6427,cut3,6427,POPC,851,121.8699951171875,21.291837692260742,49.18471145629883
6427,cut3,6427,POPC,852,-0.020879782736301422,90.63228607177734,57.848289489746094
6427,cut3,6427,POPC,853,20.75687026977539,73.61534118652344,55.53465270996094
6427,cut3,6427,POPC,854,210.9732208251953,195.73455810546875,44.181087493896484
6427,cut3,6427,POPC,855,132.45387268066406,14.341331481933594,52.988189697265625
6427,cut3,6427,POPC,856,200.70228576660156,80.77295684814453,59.66485977172851
6427,cut3,6427,POPC,857,183.95639038085938,157.68392944335938,47.894691467285156
6427,cut3,6427,POPC,858,143.22549438476562,15.197781562805176,54.13791275024414
6427,cut3,6427,POPC,859,67.12176513671875,193.1310577392578,45.089744567871094
6427,cut3,6427,POPC,860,12.831161499023438,13.436766624450684,54.650657653808594
6427,cut3,6427,POPC,861,203.10879516601562,122.19050598144531,47.87584686279297
6427,cut3,6427,POPC,862,204.5311737060547,35.34800338745117,56.235469818115234
6427,cut3,6427,POPC,863,88.09403228759766,181.7360076904297,37.120445251464844
6427,cut3,6427,POPC,864,109.02301788330078,81.75334167480469,41.477516174316406
6427,cut3,6427,POPC,865,114.71582794189453,30.516954421997067,48.873130798339844
6427,cut3,6427,POPC,866,197.8162384033203,155.33909606933594,41.850730895996094
6427,cut3,6427,POPC,867,199.26275634765622,170.79728698730472,41.57330322265625
6427,cut3,6427,POPC,868,22.648719787597656,215.6158447265625,53.333793640136726
6427,cut3,6427,POPC,869,163.6234893798828,154.76211547851562,35.14405822753906
6427,cut3,6427,POPC,870,25.456756591796875,221.91754150390625,50.97193145751953
6427,cut3,6427,POPC,871,81.98915863037111,43.10265350341797,52.84925842285156
6427,cut3,6427,POPC,872,86.93358612060547,224.31800842285156,46.78434753417969
6427,cut3,6427,POPC,873,94.86166381835938,62.58140563964844,51.24679183959961
6427,cut3,6427,POPC,874,64.77432250976562,215.11378479003906,50.55638122558594
6427,cut3,6427,POPC,875,108.85449981689453,27.376266479492188,49.211883544921875
6427,cut3,6427,POPC,876,31.230484008789062,165.85896301269534,42.467708587646484
6427,cut3,6427,POPC,877,198.40191650390625,21.891033172607422,51.86246871948242
6427,cut3,6427,POPC,878,197.98997497558594,91.7577133178711,55.14704132080078
6427,cut3,6427,POPC,879,84.66583251953125,4.991458415985107,45.40060043334961
6427,cut3,6427,POPC,880,132.71701049804688,88.00022888183594,32.86271667480469
6427,cut3,6427,POPC,881,39.70568847656251,50.954475402832024,52.19202423095703
6427,cut3,6427,POPC,882,203.09530639648438,66.30134582519531,58.472171783447266
6427,cut3,6427,POPC,883,187.63296508789062,11.272583961486816,51.53059387207031
6427,cut3,6427,POPC,884,198.4843292236328,61.1336555480957,57.81552505493164
6427,cut3,6427,POPC,885,36.02920150756836,15.164422035217285,49.10860061645508
6427,cut3,6427,POPC,886,54.657630920410156,163.91165161132812,48.60071563720703
6427,cut3,6427,POPC,887,95.73179626464844,219.27804565429688,45.531978607177734
6427,cut3,6427,POPC,888,12.901172637939453,84.3073501586914,56.38825607299805
6427,cut3,6427,POPC,889,115.30138397216797,125.0562744140625,35.90988540649414
6427,cut3,6427,POPC,890,30.600605010986328,172.439453125,41.2070426940918
6427,cut3,6427,POPC,891,28.90301513671875,59.168025970458984,55.62765121459961
6427,cut3,6427,POPC,892,0.1274261176586151,70.27312469482422,59.483821868896484
6427,cut3,6427,POPC,893,171.80917358398438,182.4046173095703,44.729244232177734
6427,cut3,6427,POPC,894,36.400535583496094,187.59890747070312,44.448829650878906
6427,cut3,6427,POPC,895,42.48560333251953,183.42919921875,44.67700958251953
6427,cut3,6427,POPC,896,188.096923828125,212.9479522705078,47.191768646240234
6427,cut3,6427,POPC,897,76.682373046875,51.579627990722656,49.86433410644531
6427,cut3,6427,POPC,898,58.75670623779297,138.68202209472656,38.62369537353516
6427,cut3,6427,POPC,899,204.436279296875,87.31476593017578,57.47007369995117
6427,cut3,6427,POPC,900,1.4402847290039062,4.478574275970459,53.08951950073242
6427,cut3,6427,POPC,901,202.51451110839844,4.112513542175293,50.10676956176758
6427,cut3,6427,POPC,902,70.34986114501953,69.55265808105469,52.00922775268555
6427,cut3,6427,POPC,903,112.03305053710938,187.16122436523438,43.8148193359375
6427,cut3,6427,POPC,904,58.6873779296875,153.43190002441406,45.813262939453125
6427,cut3,6427,POPC,905,39.89459228515625,212.5146484375,52.2120246887207
6427,cut3,6427,POPC,906,10.126781463623047,50.922054290771484,57.97996139526367
6427,cut3,6427,POPC,907,84.07256317138672,25.309932708740234,49.14855194091797
6427,cut3,6427,POPC,908,16.684921264648438,57.87932205200195,55.4580192565918
6427,cut3,6427,POPC,909,56.70415496826172,131.26239013671875,37.98500061035156
6427,cut3,6427,POPC,910,118.4284896850586,45.2725715637207,49.45368194580078
6427,cut3,6427,POPC,911,127.53157806396484,10.877927780151367,51.89736557006836
6427,cut3,6427,POPC,912,191.63446044921875,109.47718048095703,51.67219543457031
6427,cut3,6427,POPC,913,55.10328674316407,17.194990158081055,48.921478271484375
6427,cut3,6427,POPC,914,141.3545684814453,36.0671501159668,47.259376525878906
6427,cut3,6427,POPC,915,45.75988006591797,146.48419189453125,42.141136169433594
6427,cut3,6427,POPC,916,103.72077941894531,204.85079956054688,45.509185791015625
6427,cut3,6427,POPC,917,175.26255798339844,127.28418731689453,45.67758560180664
6427,cut3,6427,POPC,918,18.42996215820313,0.459262490272522,54.02973937988281
6427,cut3,6427,POPC,919,40.89813995361328,191.5301055908203,47.98490524291992
6427,cut3,6427,POPC,920,62.44182586669922,161.86300659179688,45.45774459838867
6427,cut3,6427,POPC,921,65.00245666503906,67.09838104248047,51.39582824707031
6427,cut3,6427,POPC,922,187.4626922607422,52.75992965698242,60.2072868347168
6427,cut3,6427,POPC,923,184.10853576660156,90.03163146972656,53.85215759277344
6427,cut3,6427,POPC,924,175.8680877685547,101.24691009521484,44.082611083984375
6427,cut3,6427,POPC,925,79.15950012207031,19.685100555419922,49.68120574951172
6427,cut3,6427,POPC,926,201.59388732910156,15.282678604125977,55.67414474487305
6427,cut3,6427,POPC,927,123.12447357177734,7.63310670852661,48.8011589050293
6427,cut3,6427,POPC,928,27.352375030517575,139.4089813232422,44.535552978515625
6427,cut3,6427,POPC,929,59.34870910644531,68.87274932861328,53.46533966064453
6427,cut3,6427,POPC,930,73.28266143798828,2.662914752960205,46.61063766479492
6427,cut3,6427,POPC,931,185.01512145996094,70.64215850830078,56.52598190307617
6427,cut3,6427,POPC,932,207.94528198242188,96.72310638427734,57.89046096801758
6427,cut3,6427,POPC,933,211.95252990722656,28.5644702911377,53.6287727355957
6427,cut3,6427,POPC,934,85.23338317871094,17.948427200317383,48.64417266845703
6427,cut3,6427,POPC,935,58.251068115234375,43.294456481933594,53.05949020385742
6427,cut3,6427,POPC,936,135.92361450195312,38.82002639770508,44.883907318115234
6427,cut3,6427,POPC,937,196.3902587890625,33.842308044433594,56.90692901611328
6427,cut3,6427,POPC,938,89.55309295654297,118.81529235839844,40.55149459838867
6427,cut3,6427,POPC,939,108.2652359008789,5.4006242752075195,45.50893020629883
6427,cut3,6427,POPC,940,203.1444549560547,9.547677993774414,52.87767791748047
6427,cut3,6427,POPC,941,32.524436950683594,50.310943603515625,57.051673889160156
6427,cut3,6427,POPC,942,63.8424072265625,186.28729248046875,43.59519577026367
6427,cut3,6427,POPC,943,170.6589813232422,95.25423431396484,49.14369583129883
6427,cut3,6427,POPC,944,168.5315704345703,139.08868408203125,37.611328125
6427,cut3,6427,POPC,945,77.0948486328125,12.994839668273926,47.8388671875
6427,cut3,6427,POPC,946,207.70021057128906,216.30599975585938,49.87690353393555
6427,cut3,6427,POPC,947,16.585323333740234,219.48162841796875,53.613487243652344
6427,cut3,6427,POPC,948,132.44525146484375,79.84053802490234,33.81434631347656
6427,cut3,6427,POPC,949,63.93098449707031,115.85456848144531,36.232322692871094
6427,cut3,6427,POPC,950,111.52995300292969,41.25388717651367,50.56971740722656
6427,cut3,6427,POPC,951,18.459068298339844,190.17291259765625,51.11777114868164
6427,cut3,6427,POPC,952,192.15219116210938,38.42304611206054,55.463218688964844
6427,cut3,6427,POPC,953,54.809913635253906,28.177417755126953,49.09109115600586
6427,cut3,6427,POPC,954,23.70867919921875,177.49423217773438,43.534908294677734
6427,cut3,6427,POPC,955,82.059326171875,127.98639678955078,36.13609313964844
6427,cut3,6427,POPC,956,204.6653594970703,19.01352882385254,49.885475158691406
6427,cut3,6427,POPC,957,172.78091430664062,158.04342651367188,42.968650817871094
6427,cut3,6427,POPC,958,193.78041076660156,98.49287414550781,52.7468376159668
6427,cut3,6427,POPC,959,66.93855285644531,77.83819580078125,44.445068359375
6427,cut3,6427,POPC,960,28.14141082763672,197.84471130371094,46.82131576538086
6427,cut3,6427,POPC,961,111.24846649169922,225.12867736816406,44.17008590698242
6427,cut3,6427,POPC,962,156.62705993652344,14.527944564819336,58.900333404541016
6427,cut3,6427,POPC,963,32.54483413696289,89.18191528320312,52.19535827636719
6427,cut3,6427,POPC,964,30.397201538085938,186.34771728515625,47.468017578125
6427,cut3,6427,POPC,965,161.73715209960938,120.90782165527344,38.3100471496582
6427,cut3,6427,POPC,966,210.08338928222656,141.05052185058594,43.012107849121094
6427,cut3,6427,POPC,967,130.7040557861328,45.112770080566406,46.74874496459961
6427,cut3,6427,POPC,968,36.26803207397461,145.2891387939453,44.70952606201172
6427,cut3,6427,POPC,969,107.03828430175781,89.15101623535156,40.46856689453125
6427,cut3,6427,POPC,970,63.233497619628906,49.464073181152344,54.97300720214844
6427,cut3,6427,POPC,971,153.7332305908203,130.9567413330078,35.72361373901367
6427,cut3,6427,POPC,972,75.84264373779297,210.17465209960938,48.54010009765626
6427,cut3,6427,POPC,973,100.51875305175781,111.91056823730469,46.46151351928711
6427,cut3,6427,POPC,974,170.25711059570312,144.81634521484375,39.915645599365234
6427,cut3,6427,POPC,975,10.572589874267578,33.132041931152344,53.59981918334962
6427,cut3,6427,POPC,976,185.7640838623047,107.27196502685547,48.26625061035156
6427,cut3,6427,POPC,977,109.62374877929688,13.801656723022461,51.351009368896484
6427,cut3,6427,POPC,978,207.2154541015625,171.75640869140625,41.03085708618164
6427,cut3,6427,POPC,979,108.26193237304688,20.233436584472656,49.54410934448242
6427,cut3,6427,POPC,980,192.12892150878906,87.47586822509766,55.3463249206543
6427,cut3,6427,POPC,981,6.01317024230957,160.73081970214844,44.75204086303711
6427,cut3,6427,POPC,982,59.74888610839844,9.774291038513184,48.564762115478516
6427,cut3,6427,POPC,983,45.004005432128906,153.34645080566406,42.6490364074707
6427,cut3,6427,POPC,984,53.676239013671875,111.22062683105467,46.606815338134766
6427,cut3,6427,POPC,985,164.2244415283203,148.20352172851562,33.99632263183594
6427,cut3,6427,POPC,986,39.820899963378906,177.69825744628906,45.79396438598633
6427,cut3,6427,POPC,987,148.8228759765625,86.5057373046875,41.9984016418457
6427,cut3,6427,POPC,988,179.4132537841797,154.69285583496094,44.5538330078125
6427,cut3,6427,POPC,989,174.8923797607422,92.18965148925781,51.540260314941406
6427,cut3,6427,POPC,990,178.74449157714844,87.05020141601562,53.68669128417969
6427,cut3,6427,POPC,991,16.536624908447266,21.798118591308594,55.80015563964844
6427,cut3,6427,POPC,992,84.11309814453125,11.772483825683594,47.628997802734375
6427,cut3,6427,POPC,993,78.82061767578125,180.28289794921875,43.220428466796875
6427,cut3,6427,POPC,994,179.74679565429688,135.63780212402344,43.65782165527344
6427,cut3,6427,POPC,995,164.85092163085938,14.845867156982422,60.40817642211914
6427,cut3,6427,POPC,996,126.65416717529297,218.7749481201172,46.56211853027344
6427,cut3,6427,POPC,997,184.5267333984375,60.252132415771484,56.253665924072266
6427,cut3,6427,POPC,998,6.667177200317383,19.416242599487305,52.950679779052734
6427,cut3,6427,POPC,999,119.67024230957031,79.80463409423828,36.93217086791992
6427,cut3,6427,POPC,1000,76.52654266357422,200.08444213867188,44.95280075073242
6427,cut3,6427,POPC,1001,196.85179138183594,148.35133361816406,43.83219909667969
6427,cut3,6427,POPC,1002,144.61257934570312,0.8220969438552856,56.543941497802734
6427,cut3,6427,POPC,1003,11.444847106933594,224.4595489501953,53.7255744934082
6427,cut3,6427,POPC,1004,181.81707763671875,49.673152923583984,58.752094268798835
6427,cut3,6427,POPC,1005,4.489704132080078,38.11109161376953,57.65615463256836
6427,cut3,6427,POPC,1006,212.00543212890625,10.794409751892088,52.21324157714844
6427,cut3,6427,POPC,1007,0.5624560713768005,166.2306671142578,40.80419158935547
6427,cut3,6427,POPC,1008,80.56166076660156,63.90266799926758,51.832176208496094
6427,cut3,6427,POPC,1009,28.079345703125,146.76104736328125,39.91337966918945
6427,cut3,6427,POPC,1010,77.79190826416016,83.40679931640625,47.12623596191406
6427,cut3,6427,POPC,1011,102.81451416015625,217.73287963867188,46.03487014770508
6427,cut3,6427,POPC,1012,39.273582458496094,85.15670776367188,52.88919448852539
6427,cut3,6427,POPC,1013,87.68514251708984,155.00875854492188,33.409244537353516
6427,cut3,6427,POPC,1014,158.89402770996094,223.6332244873047,54.384841918945305
6427,cut3,6427,POPC,1015,129.55592346191406,139.5747528076172,33.666141510009766
6427,cut3,6427,POPC,1016,171.26589965820312,133.34532165527344,40.518089294433594
6427,cut3,6427,POPC,1017,199.28707885742188,111.34967803955078,51.35818099975586
6427,cut3,6427,POPC,1018,206.63011169433594,72.36073303222656,59.83272171020508
6427,cut3,6427,POPC,1019,34.28044509887695,194.56564331054688,48.77455139160156
6427,cut3,6427,POPC,1020,173.34608459472656,118.57038116455078,43.4597282409668
6427,cut3,6427,POPC,1021,17.3284912109375,138.8896484375,47.672489166259766
6427,cut3,6427,POPC,1022,37.189064025878906,68.32158660888672,55.14671325683594
6427,cut3,6427,POPC,1023,161.40249633789062,2.488008737564087,57.99502944946289
6427,cut3,6427,POPC,1024,44.09388732910156,75.06074523925781,56.067317962646484
6427,cut3,6427,POPC,1025,189.83941650390625,121.664306640625,45.42341232299805
6427,cut3,6427,POPC,1026,47.45703887939453,175.80284118652344,44.818145751953125
6427,cut3,6427,POPC,1027,134.0674285888672,8.40151309967041,52.18778610229492
6427,cut3,6427,POPC,1028,113.1554946899414,48.77016830444336,50.91494369506836
6427,cut3,6427,POPC,1029,62.772804260253906,201.04454040527344,46.586029052734375
6427,cut3,6427,POPC,1030,212.9214630126953,80.06969451904297,59.84273910522461
6427,cut3,6427,POPC,1031,61.058258056640625,177.21514892578125,44.881736755371094
6427,cut3,6427,POPC,1032,148.1028594970703,36.16692352294922,51.34922790527344
6427,cut3,6427,POPC,1033,98.02259826660156,86.79210662841797,42.779266357421875
6427,cut3,6427,POPC,1034,62.095848083496094,56.58145523071289,51.783817291259766
6427,cut3,6427,POPC,1035,158.24021911621094,116.0628890991211,38.567283630371094
6427,cut3,6427,POPC,1036,125.24646759033203,56.3088493347168,44.997840881347656
6427,cut3,6427,POPC,1037,53.966217041015625,181.81004333496094,46.17755126953125
6427,cut3,6427,POPC,1038,96.57559204101562,179.7639617919922,40.77652359008789
6427,cut3,6427,POPC,1039,182.27288818359375,193.07664489746094,46.26203918457031
6427,cut3,6427,POPC,1040,184.52920532226562,165.58181762695312,44.01676559448242
6427,cut3,6427,POPC,1041,89.92528533935547,22.421974182128906,47.17628860473633
6427,cut3,6427,POPC,1042,3.019224166870117,192.9191436767578,42.4221076965332
6427,cut3,6427,POPC,1043,5.637937545776367,86.90143585205078,58.2858772277832
6427,cut3,6427,POPC,1044,94.35406494140625,33.64155960083008,49.093929290771484
6427,cut3,6427,POPC,1045,72.5191421508789,123.94194793701172,33.4532470703125
6427,cut3,6427,POPC,1046,181.48890686035156,217.16714477539062,51.920623779296875
6427,cut3,6427,POPC,1047,42.2735595703125,57.319801330566406,52.11520004272461
6427,cut3,6427,POPC,1048,194.6505126953125,142.78562927246094,42.03861618041992
6427,cut3,6427,POPC,1049,156.98117065429688,135.76669311523438,39.269073486328125
6427,cut3,6427,POPC,1050,41.772743225097656,35.80884552001953,52.34043884277344
6427,cut3,6427,POPC,1051,37.51676559448242,206.77786254882812,50.25593948364258
6427,cut3,6427,POPC,1052,47.140228271484375,62.15739822387695,53.65269470214844
6427,cut3,6427,POPC,1053,114.8458023071289,159.381103515625,34.56070327758789
6427,cut3,6427,POPC,1054,22.321475982666016,83.4482421875,54.72849273681641
6427,cut3,6427,POPC,1055,76.5514907836914,38.74330139160156,52.5090217590332
6427,cut3,6427,POPC,1056,130.69834899902344,0.6328731775283813,53.25288772583008
6427,cut3,6427,POPC,1057,151.0685272216797,119.88441467285156,34.988677978515625
6427,cut3,6427,POPC,1058,186.36386108398438,100.67498016357422,54.45206832885742
6427,cut3,6427,POPC,1059,115.32005310058594,18.459075927734375,48.738502502441406
6427,cut3,6427,POPC,1060,128.9897003173828,25.15355682373047,51.9134407043457
6427,cut3,6427,POPC,1061,22.32337188720703,4.536946773529053,50.60966873168945
6427,cut3,6427,POPC,1062,179.69775390625,208.37217712402344,47.62538146972656
6427,cut3,6427,POPC,1063,12.210384368896484,27.172117233276367,53.82276916503906
6427,cut3,6427,POPC,1064,89.59553527832031,74.36002349853516,49.0090217590332
6427,cut3,6427,POPC,1065,17.032440185546875,64.34767150878906,55.60564422607422
6427,cut3,6427,POPC,1066,70.83902740478516,203.91346740722656,47.75568771362305
6427,cut3,6427,POPC,1067,177.59808349609375,195.97703552246094,47.951141357421875
6427,cut3,6427,POPC,1068,128.4097900390625,157.33860778808594,35.49794006347656
6427,cut3,6427,POPC,1069,198.76394653320312,72.5405044555664,57.95851516723633
6427,cut3,6427,POPC,1070,58.73473358154297,221.60752868652344,47.37315368652344
6427,cut3,6427,POPC,1071,2.514904022216797,220.97621154785153,50.58082580566406
6427,cut3,6427,POPC,1072,56.32090759277344,203.20263671875,45.96782684326172
6427,cut3,6427,POPC,1073,39.03041076660156,91.26221466064453,53.16899490356445
6427,cut3,6427,POPC,1074,19.90424346923828,185.5647735595703,47.131134033203125
6427,cut3,6427,POPC,1075,183.22158813476562,18.63897132873535,57.251953125
6427,cut3,6427,POPC,1076,22.995529174804688,193.25799560546875,50.25311279296875
6427,cut3,6427,POPC,1077,7.542942047119141,58.3353271484375,58.2005500793457
6427,cut3,6427,POPC,1078,21.09157943725586,207.8717803955078,48.0062255859375
6427,cut3,6427,POPC,1079,205.30349731445312,185.2241973876953,41.94167709350585
6427,cut3,6427,POPC,1080,12.916011810302734,185.1793212890625,46.639976501464844
6427,cut3,6427,POPC,1081,29.23992156982422,213.94033813476562,53.840728759765625
6427,cut3,6427,POPC,1082,191.64007568359375,136.09213256835938,44.64805603027344
6427,cut3,6427,POPC,1083,121.20903778076172,62.94112777709961,41.655704498291016
6427,cut3,6427,POPC,1084,101.40827178955077,51.86833572387695,50.5883903503418
6427,cut3,6427,POPC,1085,150.20086669921875,137.01930236816406,36.619239807128906
6427,cut3,6427,POPC,1086,116.86181640625,9.163675308227539,47.181480407714844
6427,cut3,6427,POPC,1087,58.726722717285156,119.16153717041016,39.25014877319336
6427,cut3,6427,POPC,1088,136.24803161621094,149.46624755859375,31.736209869384766
6427,cut3,6427,POPC,1089,8.994209289550781,65.38057708740234,57.15522384643555
6427,cut3,6427,POPC,1090,2.5154571533203125,62.58959197998047,57.404666900634766
6427,cut3,6427,POPC,1091,117.388427734375,148.84541320800784,32.47529602050781
6427,cut3,6427,POPC,1092,200.4314727783203,55.903316497802734,61.2495231628418
6427,cut3,6427,POPC,1093,85.40483856201172,70.16268920898438,50.264427185058594
6427,cut3,6427,POPC,1094,66.45350646972656,43.110294342041016,52.590118408203125
6427,cut3,6427,POPC,1095,25.807571411132812,183.44602966308594,47.52469253540039
6427,cut3,6427,POPC,1096,177.82826232910156,212.94422912597656,49.68827819824219
6427,cut3,6427,POPC,1097,16.046009063720703,77.95600891113281,56.67769241333008
6427,cut3,6427,POPC,1098,150.1248321533203,141.38180541992188,32.13479995727539
6427,cut3,6427,POPC,1099,31.280353546142578,71.14483642578125,53.66594314575195
6427,cut3,6427,POPC,1100,27.230358123779297,87.40348815917969,53.631309509277344
6427,cut3,6427,POPC,1101,85.02149200439453,147.6914520263672,31.894432067871094
6427,cut3,6427,POPC,1102,95.65730285644531,25.825685501098633,45.9556770324707
6427,cut3,6427,POPC,1103,199.0528106689453,98.29928588867188,53.774993896484375
6427,cut3,6427,POPC,1104,71.30084228515625,25.15618324279785,49.797000885009766
6427,cut3,6427,POPC,1105,97.25204467773438,119.75979614257812,48.018192291259766
6427,cut3,6427,POPC,1106,9.277118682861328,73.11326599121094,58.49092483520508
6427,cut3,6427,POPC,1107,98.76748657226562,45.97251510620117,48.61067199707032
6427,cut3,6427,POPC,1108,185.8694610595703,81.62516021728516,51.25712585449219
6427,cut3,6427,SAPI,1109,139.84027099609375,4.990879058837891,55.487823486328125
6427,cut3,6427,SAPI,1110,65.651611328125,156.5788116455078,43.0821418762207
6427,cut3,6427,SAPI,1111,136.8541107177734,25.993961334228516,56.50461196899414
6427,cut3,6427,SAPI,1112,184.90980529785156,42.7558479309082,59.15150833129883
6427,cut3,6427,SAPI,1113,41.961265563964844,135.12631225585938,44.360321044921875
6427,cut3,6427,SAPI,1114,2.4416866302490234,204.99769592285156,49.0803565979004
6427,cut3,6427,SAPI,1115,203.7440643310547,148.3348388671875,42.238487243652344
6427,cut3,6427,SAPI,1116,132.23721313476562,134.64418029785156,31.128189086914062
6427,cut3,6427,SAPI,1117,36.21841812133789,157.67796325683594,42.102256774902344
6427,cut3,6427,SAPI,1118,108.193115234375,182.88275146484375,40.59239959716797
6427,cut3,6427,SAPI,1119,115.40345764160156,52.543052673339844,46.209110260009766
6427,cut3,6427,SAPI,1120,188.42800903320312,224.4199981689453,50.8749885559082
6427,cut3,6427,SAPI,1121,138.515869140625,119.7708969116211,33.2667236328125
6427,cut3,6427,SAPI,1122,184.88433837890625,29.871963500976562,57.415225982666016
6427,cut3,6427,SAPI,1123,169.9167938232422,87.66168212890625,50.483802795410156
6427,cut3,6427,SAPI,1124,98.19499206542969,57.48650360107422,50.54161071777344
6427,cut3,6427,SAPI,1125,172.0892333984375,190.8379974365234,47.32035827636719
6427,cut3,6427,SAPI,1126,83.46260833740234,77.6697998046875,49.18834686279297
6427,cut3,6427,SAPI,1127,144.17872619628906,158.80279541015625,28.656593322753906
6427,cut3,6427,SAPI,1128,11.229961395263672,102.08399200439453,53.90359878540039
6427,cut3,6427,SAPI,1129,143.75033569335938,109.86886596679688,33.9853401184082
6427,cut3,6427,SAPI,1130,162.39242553710938,92.86589813232422,45.1442756652832
6427,cut3,6427,SAPI,1131,-0.008539237082004547,98.94033813476562,54.86796569824219
6427,cut3,6427,SAPI,1132,205.75433349609375,162.01393127441406,42.70256042480469
6427,cut3,6427,SAPI,1133,32.57951354980469,63.74257278442383,53.711517333984375
6427,cut3,6427,SAPI,1134,179.8265380859375,55.21527099609375,55.880252838134766
6427,cut3,6427,SAPI,1135,108.43768310546875,175.2074432373047,37.252994537353516
6427,cut3,6427,SAPI,1136,129.9844207763672,210.14691162109375,48.121337890625
6427,cut3,6427,SAPI,1137,120.65074920654297,144.9393310546875,29.28433609008789
6427,cut3,6427,SAPI,1138,169.91983032226562,14.336703300476074,56.17475128173828
6427,cut3,6427,SAPI,1139,101.59481048583984,77.41548919677734,44.00055694580078
6427,cut3,6427,SAPI,1140,106.00924682617188,213.5803680419922,42.736331939697266
6427,cut3,6427,SAPI,1141,188.38426208496094,171.5643310546875,42.452545166015625
6427,cut3,6427,SAPI,1142,37.23388671875,219.10874938964844,50.178768157958984
6427,cut3,6427,SAPI,1143,162.3507843017578,10.562231063842773,56.62869644165039
6427,cut3,6427,SAPI,1144,138.80857849121094,129.1753387451172,35.440906524658196
6427,cut3,6427,SAPI,1145,64.1472396850586,122.13848876953125,35.016075134277344
