,System,Frame,Resname,Resnum,X,Y,Z
2394,cut3,2394,POPC,0,12.406196594238281,148.03619384765625,84.5837173461914
2394,cut3,2394,POPC,1,19.75376319885254,152.59735107421875,85.48987579345703
2394,cut3,2394,POPC,2,184.87779235839844,42.956748962402344,93.14892578125
2394,cut3,2394,POPC,3,195.14552307128906,143.77207946777344,91.57003021240234
2394,cut3,2394,POPC,4,188.89114379882812,155.4609832763672,91.07333374023438
2394,cut3,2394,POPC,5,163.12738037109375,165.71963500976562,86.1507797241211
2394,cut3,2394,POPC,6,148.77586364746094,171.0504608154297,78.09300994873047
2394,cut3,2394,POPC,7,3.553262233734131,63.744224548339844,95.72770690917969
2394,cut3,2394,POPC,8,197.96969604492188,33.6794548034668,96.09017181396484
2394,cut3,2394,POPC,9,206.12037658691406,146.66163635253906,86.78621673583984
2394,cut3,2394,POPC,10,21.235017776489258,129.7860870361328,83.95979309082031
2394,cut3,2394,POPC,11,185.5155487060547,102.87146759033203,91.25096130371094
2394,cut3,2394,POPC,12,65.9878921508789,163.82565307617188,88.43885040283203
2394,cut3,2394,POPC,13,190.47003173828125,210.08932495117188,96.00469207763672
2394,cut3,2394,POPC,14,145.60214233398438,161.47750854492188,71.87320709228516
2394,cut3,2394,POPC,15,170.33172607421875,180.90155029296875,90.41818237304688
2394,cut3,2394,POPC,16,31.67466926574707,134.0614013671875,82.21958923339844
2394,cut3,2394,POPC,17,112.6513671875,95.27476501464844,73.93521881103516
2394,cut3,2394,POPC,18,72.93854522705078,180.8286590576172,87.80591583251952
2394,cut3,2394,POPC,19,124.92916107177734,222.81922912597656,93.71663665771484
2394,cut3,2394,POPC,20,172.61428833007812,142.6687469482422,81.81690979003906
2394,cut3,2394,POPC,21,143.5834197998047,123.4365234375,77.2995376586914
2394,cut3,2394,POPC,22,150.69082641601562,212.11489868164062,97.38469696044922
2394,cut3,2394,POPC,23,122.6725082397461,72.42443084716797,75.2437515258789
2394,cut3,2394,POPC,24,93.51172637939453,196.3651885986328,84.590087890625
2394,cut3,2394,POPC,25,95.15034484863281,86.13994598388672,79.44258880615234
2394,cut3,2394,POPC,26,210.17648315429688,164.23707580566406,91.6468276977539
2394,cut3,2394,POPC,27,64.00466918945312,181.24465942382812,91.44198608398438
2394,cut3,2394,POPC,28,90.51837921142578,37.7701530456543,87.0481948852539
2394,cut3,2394,POPC,29,131.01634216308594,33.83164978027344,85.18273162841797
2394,cut3,2394,POPC,30,69.14629364013672,220.05923461914062,92.53074645996094
2394,cut3,2394,POPC,31,152.96498107910156,164.739013671875,81.60686492919922
2394,cut3,2394,POPC,32,89.62359619140625,188.89547729492188,89.06101989746094
2394,cut3,2394,POPC,33,85.55404663085938,54.05161666870117,87.21094512939453
2394,cut3,2394,POPC,34,163.85047912597656,112.73057556152344,84.98979187011719
2394,cut3,2394,POPC,35,109.63439178466797,43.014915466308594,86.80397033691406
2394,cut3,2394,POPC,36,180.15289306640625,211.97926330566406,99.0420913696289
2394,cut3,2394,POPC,37,73.11321258544923,35.21487808227539,89.98749542236328
2394,cut3,2394,POPC,38,90.26039123535156,88.04348754882812,83.9021224975586
2394,cut3,2394,POPC,39,161.82130432128903,181.68734741210938,87.83769989013672
2394,cut3,2394,POPC,40,103.35621643066406,70.94319152832031,77.78485870361328
2394,cut3,2394,POPC,41,72.81380462646484,96.36786651611328,85.00597381591797
2394,cut3,2394,POPC,42,20.807653427124023,80.37551879882812,91.66971588134766
2394,cut3,2394,POPC,43,77.2679443359375,89.47172546386719,86.13838958740234
2394,cut3,2394,POPC,44,111.5213623046875,203.2726287841797,95.80496978759766
2394,cut3,2394,POPC,45,76.37622833251953,55.505916595458984,89.49410247802734
2394,cut3,2394,POPC,46,101.74571228027344,17.207090377807617,90.81114196777344
2394,cut3,2394,POPC,47,42.47637939453125,30.267532348632812,95.00601959228516
2394,cut3,2394,POPC,48,168.2916259765625,107.32456970214845,84.35993194580078
2394,cut3,2394,POPC,49,209.6436309814453,194.16783142089847,93.4231948852539
2394,cut3,2394,POPC,50,42.56224822998047,49.4268913269043,95.02397155761719
2394,cut3,2394,POPC,51,87.87651062011719,68.68003845214844,81.95555877685547
2394,cut3,2394,POPC,52,33.72142791748047,128.77926635742188,78.57878112792969
2394,cut3,2394,POPC,53,95.37022399902344,165.9057159423828,79.89564514160156
2394,cut3,2394,POPC,54,186.05941772460938,180.3043975830078,92.33580017089844
2394,cut3,2394,POPC,55,123.07815551757812,89.06735229492188,72.82968139648438
2394,cut3,2394,POPC,56,206.6301727294922,65.29497528076172,97.27413940429688
2394,cut3,2394,POPC,57,139.18267822265625,179.2362060546875,77.56303405761719
2394,cut3,2394,POPC,58,195.51161193847656,175.9443359375,92.83142852783203
2394,cut3,2394,POPC,59,120.55872344970703,23.542253494262695,94.55290222167969
2394,cut3,2394,POPC,60,39.43012619018554,159.22032165527344,87.2739486694336
2394,cut3,2394,POPC,61,156.183837890625,123.53670501708984,85.16194152832031
2394,cut3,2394,POPC,62,26.07343864440918,22.91521644592285,98.80524444580078
2394,cut3,2394,POPC,63,88.78236389160156,170.9674377441406,85.07067108154297
2394,cut3,2394,POPC,64,179.15342712402344,98.03941345214844,87.91649627685547
2394,cut3,2394,POPC,65,109.85497283935547,117.2865982055664,78.238525390625
2394,cut3,2394,POPC,66,3.15614652633667,41.492332458496094,97.69239807128906
2394,cut3,2394,POPC,67,24.70506477355957,174.4593048095703,89.0094985961914
2394,cut3,2394,POPC,68,62.428688049316406,20.84239959716797,89.51615905761719
2394,cut3,2394,POPC,69,26.711790084838867,1.5972027778625488,94.9678726196289
2394,cut3,2394,POPC,70,31.340852737426758,35.523582458496094,97.9588394165039
2394,cut3,2394,POPC,71,130.69015502929688,178.06068420410156,41.28071594238281
2394,cut3,2394,POPC,72,3.830422878265381,75.76019287109375,88.71932983398438
2394,cut3,2394,POPC,73,135.90374755859375,116.77974700927734,74.78520202636717
2394,cut3,2394,POPC,74,172.226806640625,14.98218059539795,98.09859466552734
2394,cut3,2394,POPC,75,28.17640495300293,139.85272216796875,83.05146789550781
2394,cut3,2394,POPC,76,202.40365600585938,209.8697509765625,97.11710357666016
2394,cut3,2394,POPC,77,125.44694519042969,154.9844970703125,69.45695495605469
2394,cut3,2394,POPC,78,182.0377960205078,26.01020050048828,53.06153106689453
2394,cut3,2394,POPC,79,124.0019302368164,31.53582763671875,89.11968994140625
2394,cut3,2394,POPC,80,90.47640228271484,224.76751708984375,91.12150573730469
2394,cut3,2394,POPC,81,25.017709732055664,220.20480346679688,91.88365173339844
2394,cut3,2394,POPC,82,45.93552780151367,54.7470588684082,93.88790893554688
2394,cut3,2394,POPC,83,205.4583740234375,160.66644287109375,90.46224212646484
2394,cut3,2394,POPC,84,69.91107940673828,149.65240478515625,88.88794708251953
2394,cut3,2394,POPC,85,134.75143432617188,54.977596282958984,76.91716766357422
2394,cut3,2394,POPC,86,51.027366638183594,211.23236083984375,93.34979248046875
2394,cut3,2394,POPC,87,57.54618835449219,31.81314468383789,93.44564819335939
2394,cut3,2394,POPC,88,14.78422546386719,20.168231964111328,97.646240234375
2394,cut3,2394,POPC,89,143.6968536376953,156.47230529785156,76.05741882324219
2394,cut3,2394,POPC,90,40.34648513793945,201.17062377929688,87.78939056396484
2394,cut3,2394,POPC,91,117.42916107177734,222.93856811523438,94.54698181152344
2394,cut3,2394,POPC,92,155.5635528564453,134.12704467773438,83.2249526977539
2394,cut3,2394,POPC,93,25.87114143371582,37.57724380493164,98.52184295654297
2394,cut3,2394,POPC,94,214.77342224121094,47.42049026489258,95.44978332519531
2394,cut3,2394,POPC,95,136.8046417236328,134.3414764404297,70.51614379882812
2394,cut3,2394,POPC,96,177.03048706054688,128.9282989501953,84.1317367553711
2394,cut3,2394,POPC,97,107.13030242919922,106.95564270019531,46.532920837402344
2394,cut3,2394,POPC,98,203.33682250976562,82.6800765991211,91.77517700195312
2394,cut3,2394,POPC,99,70.27181243896484,140.81997680664062,75.54085540771484
2394,cut3,2394,POPC,100,30.09775733947754,18.597978591918945,97.37678527832031
2394,cut3,2394,POPC,101,69.1160659790039,122.63605499267578,75.32669830322266
2394,cut3,2394,POPC,102,158.65115356445312,142.10345458984375,82.92386627197266
2394,cut3,2394,POPC,103,94.75789642333984,69.12696075439453,80.84304809570312
2394,cut3,2394,POPC,104,35.772605895996094,8.576584815979004,95.11930847167969
2394,cut3,2394,POPC,105,19.708791732788086,183.01007080078125,91.18894958496094
2394,cut3,2394,POPC,106,117.03569030761719,59.95619201660156,81.6091537475586
2394,cut3,2394,POPC,107,105.27912902832031,36.53636169433594,90.67963409423828
2394,cut3,2394,POPC,108,171.964599609375,218.0647735595703,96.16454315185547
2394,cut3,2394,POPC,109,204.79942321777344,151.3219757080078,89.9261703491211
2394,cut3,2394,POPC,110,106.64997863769531,9.14835262298584,95.97570037841797
2394,cut3,2394,POPC,111,114.97405242919922,26.746780395507812,91.55906677246094
2394,cut3,2394,POPC,112,88.65245819091797,6.316512584686279,89.70481872558594
2394,cut3,2394,POPC,113,187.13351440429688,49.84127426147461,96.70645141601562
2394,cut3,2394,POPC,114,93.38941192626953,212.69908142089844,93.06033325195312
2394,cut3,2394,POPC,115,195.39041137695312,222.26553344726562,98.54933166503906
2394,cut3,2394,POPC,116,185.1326446533203,69.32272338867188,96.25743103027344
2394,cut3,2394,POPC,117,145.86566162109375,38.386959075927734,86.37811279296875
2394,cut3,2394,POPC,118,67.77623748779297,134.86509704589844,78.68768310546875
2394,cut3,2394,POPC,119,93.21685791015625,18.007274627685547,91.24007415771484
2394,cut3,2394,POPC,120,52.40353393554687,2.4089245796203613,92.36463928222656
2394,cut3,2394,POPC,121,165.84487915039062,118.84381103515625,84.11804962158203
2394,cut3,2394,POPC,122,121.9016799926758,149.1796875,72.02851867675781
2394,cut3,2394,POPC,123,11.272417068481445,186.8031768798828,90.88404846191406
2394,cut3,2394,POPC,124,60.16974639892578,164.48851013183594,89.25350952148438
2394,cut3,2394,POPC,125,94.12753295898438,189.9803466796875,83.49203491210938
2394,cut3,2394,POPC,126,183.73648071289062,168.0659942626953,91.9839859008789
2394,cut3,2394,POPC,127,81.37996673583984,196.66265869140625,87.10934448242188
2394,cut3,2394,POPC,128,32.70978927612305,176.51437377929688,50.521427154541016
2394,cut3,2394,POPC,129,101.90399169921875,120.82251739501953,47.98145294189453
2394,cut3,2394,POPC,130,88.72308349609375,182.36752319335938,89.10796356201172
2394,cut3,2394,POPC,131,186.60777282714844,108.30007934570312,89.18144226074219
2394,cut3,2394,POPC,132,195.9051971435547,118.94599151611328,94.56665802001953
2394,cut3,2394,POPC,133,187.92221069335938,74.62019348144531,92.39044189453125
2394,cut3,2394,POPC,134,100.48973083496094,160.36871337890625,78.28083801269531
2394,cut3,2394,POPC,135,104.73345184326172,107.53309631347656,85.05609130859375
2394,cut3,2394,POPC,136,193.04754638671875,150.2815399169922,93.385986328125
2394,cut3,2394,POPC,137,67.53301239013672,194.10830688476562,86.87419891357422
2394,cut3,2394,POPC,138,47.898681640625,83.65068054199219,92.73292541503906
2394,cut3,2394,POPC,139,35.57451629638672,181.772705078125,87.9571762084961
2394,cut3,2394,POPC,140,121.33687591552734,164.5646209716797,70.05467987060547
2394,cut3,2394,POPC,141,168.45071411132812,146.66929626464844,86.12065887451172
2394,cut3,2394,POPC,142,170.52175903320312,54.25752639770507,91.845703125
2394,cut3,2394,POPC,143,136.06784057617188,5.2799553871154785,94.59097290039062
2394,cut3,2394,POPC,144,141.48126220703125,102.10221099853516,77.40379333496095
2394,cut3,2394,POPC,145,169.86279296875,48.55644607543945,86.65705871582031
2394,cut3,2394,POPC,146,73.33229064941406,8.360884666442871,89.49137878417969
2394,cut3,2394,POPC,147,20.29461097717285,8.10883617401123,96.51483917236328
2394,cut3,2394,POPC,148,46.39822769165039,42.566890716552734,95.8345718383789
2394,cut3,2394,POPC,149,4.419496059417725,204.0121612548828,90.13397979736328
2394,cut3,2394,POPC,150,34.90091323852539,157.0260009765625,86.60777282714844
2394,cut3,2394,POPC,151,140.2200164794922,130.31483459472656,73.56546020507812
2394,cut3,2394,POPC,152,62.44696807861328,217.488037109375,90.60565948486328
2394,cut3,2394,POPC,153,150.85931396484375,138.45262145996094,78.43978118896483
2394,cut3,2394,POPC,154,69.3985595703125,43.333988189697266,88.95479583740236
2394,cut3,2394,POPC,155,80.0655517578125,175.2808074951172,87.82505798339844
2394,cut3,2394,POPC,156,75.78246307373047,142.1289825439453,78.60108947753906
2394,cut3,2394,POPC,157,24.61092185974121,214.3595428466797,88.47665405273438
2394,cut3,2394,POPC,158,188.9355010986328,187.22396850585938,93.1133804321289
2394,cut3,2394,POPC,159,31.64833641052246,57.87542724609375,97.631103515625
2394,cut3,2394,POPC,160,43.775299072265625,113.48487091064453,78.61257934570312
2394,cut3,2394,POPC,161,94.35071563720703,173.40850830078125,84.08936309814453
2394,cut3,2394,POPC,162,100.41483306884766,217.0256805419922,95.42546081542969
2394,cut3,2394,POPC,163,50.07892608642578,20.480234146118164,94.49665832519531
2394,cut3,2394,POPC,164,32.88425827026367,122.7723388671875,81.55342102050781
2394,cut3,2394,POPC,165,79.56206512451172,214.99374389648438,92.25990295410156
2394,cut3,2394,POPC,166,30.679677963256836,79.27910614013672,92.0053482055664
2394,cut3,2394,POPC,167,158.10948181152344,102.72904205322266,83.22398376464844
2394,cut3,2394,POPC,168,4.090968608856201,70.69217681884766,92.22358703613281
2394,cut3,2394,POPC,169,2.976832866668701,15.842911720275879,98.8661117553711
2394,cut3,2394,POPC,170,118.31352996826172,83.1281967163086,73.59459686279297
2394,cut3,2394,POPC,171,62.20582580566407,91.27466583251953,87.85018920898438
2394,cut3,2394,POPC,172,159.36685180664062,4.555954456329346,94.43578338623047
2394,cut3,2394,POPC,173,23.060102462768555,122.96485900878906,82.80160522460938
2394,cut3,2394,POPC,174,97.82109832763672,54.583778381347656,88.19208526611328
2394,cut3,2394,POPC,175,188.53123474121094,65.76093292236328,99.98975372314453
2394,cut3,2394,POPC,176,61.26811218261719,223.85791015625,88.72838592529297
2394,cut3,2394,POPC,177,80.47745513916016,28.996532440185547,88.15470886230469
2394,cut3,2394,POPC,178,110.02452850341797,124.1587142944336,74.19683074951172
2394,cut3,2394,POPC,179,75.3913803100586,46.86589050292969,87.9791259765625
2394,cut3,2394,POPC,180,64.08140563964844,69.0132827758789,86.82736206054688
2394,cut3,2394,POPC,181,109.41792297363281,190.65432739257812,85.16852569580078
2394,cut3,2394,POPC,182,171.21954345703125,4.955933094024659,95.8157958984375
2394,cut3,2394,POPC,183,112.94717407226562,80.2696304321289,76.6401138305664
2394,cut3,2394,POPC,184,15.456356048583984,52.875144958496094,57.42564010620117
2394,cut3,2394,POPC,185,195.42984008789062,201.583984375,94.53951263427736
2394,cut3,2394,POPC,186,108.7912368774414,215.5160675048828,93.86050415039062
2394,cut3,2394,POPC,187,155.5230407714844,217.36631774902344,96.07952117919922
2394,cut3,2394,POPC,188,207.17002868652344,33.1966438293457,96.52597045898438
2394,cut3,2394,POPC,189,54.04437255859375,65.67243957519531,89.94253540039062
2394,cut3,2394,POPC,190,195.3032684326172,97.99589538574219,92.81361389160156
2394,cut3,2394,POPC,191,87.11837768554688,14.30655574798584,91.1635971069336
2394,cut3,2394,POPC,192,183.80996704101562,133.91679382324216,84.57587432861328
2394,cut3,2394,POPC,193,38.19276428222656,169.18392944335938,87.11146545410156
2394,cut3,2394,POPC,194,124.21591186523438,81.4905776977539,73.74107360839844
2394,cut3,2394,POPC,195,183.70697021484375,182.81414794921875,53.21803283691406
2394,cut3,2394,POPC,196,27.424165725708008,52.46105194091797,97.15232849121094
2394,cut3,2394,POPC,197,176.62030029296875,145.37335205078125,87.20201873779297
2394,cut3,2394,POPC,198,210.35379028320315,78.81024169921875,92.63032531738281
2394,cut3,2394,POPC,199,32.300697326660156,44.167999267578125,95.16543579101562
2394,cut3,2394,POPC,200,13.992155075073242,44.736209869384766,97.64832305908203
2394,cut3,2394,POPC,201,207.3731994628906,47.59348678588867,94.71282196044922
2394,cut3,2394,POPC,202,210.7167816162109,180.09878540039062,90.0365982055664
2394,cut3,2394,POPC,203,120.55628204345703,188.18960571289062,77.05892944335938
2394,cut3,2394,POPC,204,209.33360290527344,210.1040802001953,95.99411010742188
2394,cut3,2394,POPC,205,53.69976806640625,158.8578643798828,84.38400268554688
2394,cut3,2394,POPC,206,201.93089294433594,89.47789001464844,92.40447998046875
2394,cut3,2394,POPC,207,11.992000579833984,221.50045776367188,93.6006088256836
2394,cut3,2394,POPC,208,188.6038360595703,26.652660369873047,91.74713897705078
2394,cut3,2394,POPC,209,53.760414123535156,152.16029357910156,85.23343658447266
2394,cut3,2394,POPC,210,62.78166961669922,45.80561828613281,89.93456268310547
2394,cut3,2394,POPC,211,49.0743408203125,147.04576110839844,83.88542175292969
2394,cut3,2394,POPC,212,168.71774291992188,152.92880249023438,86.30844116210938
2394,cut3,2394,POPC,213,180.9153594970703,109.21600341796874,87.00939941406251
2394,cut3,2394,POPC,214,41.29183578491211,58.483055114746094,93.25575256347656
2394,cut3,2394,POPC,215,80.80841827392578,39.94220733642578,86.41413116455078
2394,cut3,2394,POPC,216,42.97847366333008,220.31748962402344,92.9184341430664
2394,cut3,2394,POPC,217,33.87117004394531,72.95435333251953,93.4840316772461
2394,cut3,2394,POPC,218,98.3884048461914,108.81576538085938,86.71923828125
2394,cut3,2394,POPC,219,19.03623390197754,49.32029342651367,96.80272674560547
2394,cut3,2394,POPC,220,136.89224243164062,155.6674346923828,74.92107391357422
2394,cut3,2394,POPC,221,10.757667541503906,172.27130126953125,90.24079895019531
2394,cut3,2394,POPC,222,9.153934478759766,139.92315673828125,83.57202911376953
2394,cut3,2394,POPC,223,103.38551330566406,23.17425346374512,89.8680419921875
2394,cut3,2394,POPC,224,133.33836364746094,121.7945556640625,73.33490753173828
2394,cut3,2394,POPC,225,161.25865173339844,187.96171569824216,84.3602294921875
2394,cut3,2394,POPC,226,155.4021759033203,171.1266326904297,45.86166000366211
2394,cut3,2394,POPC,227,131.10826110839844,146.3544921875,70.03379821777345
2394,cut3,2394,POPC,228,77.29444885253906,189.74197387695312,89.76786804199219
2394,cut3,2394,POPC,229,200.38865661621094,192.4885711669922,91.59032440185547
2394,cut3,2394,POPC,230,90.11741638183594,93.32925415039062,81.75778198242188
2394,cut3,2394,POPC,231,121.79545593261719,135.32229614257812,71.8416976928711
2394,cut3,2394,POPC,232,126.1900405883789,10.829451560974121,95.29680633544922
2394,cut3,2394,POPC,233,18.554792404174805,217.0845947265625,89.7237319946289
2394,cut3,2394,POPC,234,5.411143779754639,216.18722534179688,94.60527801513672
2394,cut3,2394,POPC,235,54.87706756591797,170.19293212890625,88.29389190673828
2394,cut3,2394,POPC,236,167.951904296875,70.55520629882812,89.2642822265625
2394,cut3,2394,POPC,237,143.3307342529297,58.20063781738281,79.65592956542969
2394,cut3,2394,POPC,238,74.71569061279297,196.3832550048828,85.40450286865234
2394,cut3,2394,POPC,239,52.94232940673828,12.965056419372559,93.47013092041016
2394,cut3,2394,POPC,240,129.67266845703125,86.37432098388672,73.93002319335938
2394,cut3,2394,POPC,241,86.7010726928711,66.08151245117188,52.07257080078125
2394,cut3,2394,POPC,242,26.10474967956543,191.24176025390625,87.47811126708984
2394,cut3,2394,POPC,243,70.55294036865234,54.86732482910156,85.5880126953125
2394,cut3,2394,POPC,244,208.01051330566406,41.903995513916016,96.8419189453125
2394,cut3,2394,POPC,245,140.84030151367188,42.03132629394531,84.36328125
2394,cut3,2394,POPC,246,160.52532958984375,76.08995056152344,84.62586975097656
2394,cut3,2394,POPC,247,158.03396606445312,90.30169677734375,82.31014251708984
2394,cut3,2394,POPC,248,112.0054931640625,20.789213180541992,92.40664672851562
2394,cut3,2394,POPC,249,24.27337074279785,162.3545684814453,89.39411163330078
2394,cut3,2394,POPC,250,174.4176483154297,173.5341796875,88.38967895507812
2394,cut3,2394,POPC,251,18.033414840698242,165.69244384765625,90.6811294555664
2394,cut3,2394,POPC,252,152.0552215576172,56.21179962158203,78.85216522216797
2394,cut3,2394,POPC,253,191.3794860839844,79.93844604492188,90.70728302001953
2394,cut3,2394,POPC,254,59.199798583984375,80.89420318603516,92.18839263916016
2394,cut3,2394,POPC,255,196.3673553466797,73.97608947753906,93.38338470458984
2394,cut3,2394,POPC,256,70.71222686767578,63.68901824951172,82.86670684814453
2394,cut3,2394,POPC,257,161.52328491210938,82.8508071899414,86.24827575683594
2394,cut3,2394,POPC,258,145.10003662109375,129.26449584960938,78.81658935546875
2394,cut3,2394,POPC,259,104.30425262451172,58.49333953857422,86.59688568115234
2394,cut3,2394,POPC,260,178.5716094970703,171.69056701660156,90.6984634399414
2394,cut3,2394,POPC,261,152.24636840820312,146.30502319335935,77.78743743896484
2394,cut3,2394,POPC,262,186.47142028808594,8.797808647155762,98.56199645996094
2394,cut3,2394,POPC,263,43.45076751708985,125.24393463134766,81.83761596679688
2394,cut3,2394,POPC,264,53.22337341308594,116.83956909179688,76.82225799560547
2394,cut3,2394,POPC,265,28.39533042907715,169.00653076171875,86.75788879394531
2394,cut3,2394,POPC,266,146.11373901367188,64.55735778808594,75.27906036376953
2394,cut3,2394,POPC,267,171.82313537597656,158.2303924560547,86.7425308227539
2394,cut3,2394,POPC,268,157.08740234375,128.20326232910156,39.61227035522461
2394,cut3,2394,POPC,269,126.54662322998047,65.47003173828125,73.9146728515625
2394,cut3,2394,POPC,270,134.75894165039062,39.23739242553711,83.84036254882812
2394,cut3,2394,POPC,271,80.2984390258789,182.81597900390625,91.01642608642578
2394,cut3,2394,POPC,272,9.583925247192383,156.492431640625,86.62782287597656
2394,cut3,2394,POPC,273,116.60553741455078,73.54312896728516,75.5875473022461
2394,cut3,2394,POPC,274,140.93885803222656,168.1142578125,74.16152954101562
2394,cut3,2394,POPC,275,67.83895874023438,50.23664474487305,88.79795837402344
2394,cut3,2394,POPC,276,204.16616821289062,6.770013332366943,95.36893463134766
2394,cut3,2394,POPC,277,129.5894317626953,176.95040893554688,71.86365509033203
2394,cut3,2394,POPC,278,10.504011154174805,40.853885650634766,100.64677429199219
2394,cut3,2394,POPC,279,131.50457763671875,133.43365478515625,74.31765747070312
2394,cut3,2394,POPC,280,74.71916198730469,119.94415283203125,73.33143615722656
2394,cut3,2394,POPC,281,193.32383728027344,8.355488777160645,96.14299011230469
2394,cut3,2394,POPC,282,198.4487762451172,25.28643035888672,95.31537628173828
2394,cut3,2394,POPC,283,59.517982482910156,173.21038818359375,89.91795349121094
2394,cut3,2394,POPC,284,54.853675842285156,189.80165100097656,89.40838623046875
2394,cut3,2394,POPC,285,65.21910095214844,37.525169372558594,91.90971374511719
2394,cut3,2394,POPC,286,93.09678649902344,33.06985855102539,90.0174331665039
2394,cut3,2394,POPC,287,165.79241943359375,0.9323115348815918,91.96532440185547
2394,cut3,2394,POPC,288,4.935412883758545,53.783626556396484,96.38970184326172
2394,cut3,2394,POPC,289,147.28085327148438,63.79254150390625,36.757659912109375
2394,cut3,2394,POPC,290,91.78179931640625,44.120208740234375,87.34830474853516
2394,cut3,2394,POPC,291,53.657737731933594,72.03172302246094,91.95904541015625
2394,cut3,2394,POPC,292,196.1041717529297,168.388427734375,90.89814758300781
2394,cut3,2394,POPC,293,199.72398376464844,54.43092727661133,96.96907806396484
2394,cut3,2394,POPC,294,48.51682662963867,218.8252716064453,94.47395324707031
2394,cut3,2394,POPC,295,100.89082336425781,33.41135025024414,89.09065246582031
2394,cut3,2394,POPC,296,83.83737945556642,82.69817352294922,86.15349578857422
2394,cut3,2394,POPC,297,3.8703131675720215,186.21542358398438,90.52054595947266
2394,cut3,2394,POPC,298,67.64729309082031,5.452866077423096,86.53013610839844
2394,cut3,2394,POPC,299,9.243154525756836,7.496943950653076,95.62176513671875
2394,cut3,2394,POPC,300,73.57881927490234,80.5192642211914,86.43751525878906
2394,cut3,2394,POPC,301,89.29967498779297,24.69042205810547,91.43949890136719
2394,cut3,2394,POPC,302,126.98597717285156,46.930633544921875,84.08555603027344
2394,cut3,2394,POPC,303,27.564477920532227,184.78086853027344,87.26567077636719
2394,cut3,2394,POPC,304,178.04888916015625,222.8296356201172,98.02086639404297
2394,cut3,2394,POPC,305,32.977455139160156,66.635498046875,96.3376693725586
2394,cut3,2394,POPC,306,188.829833984375,117.95011901855469,90.14751434326172
2394,cut3,2394,POPC,307,193.76783752441406,48.857421875,96.47940063476562
2394,cut3,2394,POPC,308,5.754647731781007,162.32748413085938,93.41639709472656
2394,cut3,2394,POPC,309,210.46478271484375,219.14068603515625,94.7792739868164
2394,cut3,2394,POPC,310,195.20816040039062,216.4640655517578,97.59467315673828
2394,cut3,2394,POPC,311,97.91177368164062,203.1802215576172,90.65446472167969
2394,cut3,2394,POPC,312,129.81228637695312,3.6838374137878422,95.72805786132812
2394,cut3,2394,POPC,313,84.77457427978516,131.36538696289062,70.52471923828125
2394,cut3,2394,POPC,314,56.396766662597656,76.83535766601562,89.91453552246094
2394,cut3,2394,POPC,315,64.36039733886719,125.28886413574219,78.16783142089844
2394,cut3,2394,POPC,316,101.47734069824219,93.14208221435547,83.60814666748047
2394,cut3,2394,POPC,317,25.234296798706055,62.8231201171875,99.45401763916016
2394,cut3,2394,POPC,318,108.28485870361328,195.64306640625,93.66162872314453
2394,cut3,2394,POPC,319,55.49968719482421,88.33202362060547,87.36553192138672
2394,cut3,2394,POPC,320,200.50509643554688,199.21522521972656,94.08072662353516
2394,cut3,2394,POPC,321,11.133331298828125,14.676386833190918,95.1719741821289
2394,cut3,2394,POPC,322,41.56303024291992,184.16522216796875,88.96171569824219
2394,cut3,2394,POPC,323,25.371408462524414,15.221062660217285,95.4704818725586
2394,cut3,2394,POPC,324,171.7734375,208.69140625,94.64041900634766
2394,cut3,2394,POPC,325,82.91267395019531,9.386786460876463,87.96529388427734
2394,cut3,2394,POPC,326,28.13707160949707,120.63451385498047,82.46331787109375
2394,cut3,2394,POPC,327,186.8224334716797,193.44259643554688,91.69680786132811
2394,cut3,2394,POPC,328,174.07644653320312,66.08008575439453,95.08588409423828
2394,cut3,2394,POPC,329,82.15239715576172,21.595018386840817,87.56941223144531
2394,cut3,2394,POPC,330,17.2898006439209,32.275325775146484,99.29727935791016
2394,cut3,2394,POPC,331,7.843797206878662,58.94462585449219,94.32371520996094
2394,cut3,2394,POPC,332,126.36770629882812,208.62155151367188,93.0184326171875
2394,cut3,2394,POPC,333,143.08897399902344,74.57049560546875,70.06942749023438
2394,cut3,2394,POPC,334,15.797952651977539,77.40621948242188,92.8824234008789
2394,cut3,2394,POPC,335,179.50306701660156,11.095759391784668,98.61315155029297
2394,cut3,2394,POPC,336,163.69032287597656,131.66307067871094,84.6020278930664
2394,cut3,2394,POPC,337,202.32752990722656,6.868289470672607,54.35390090942383
2394,cut3,2394,POPC,338,127.62309265136719,50.60429382324219,79.44036102294922
2394,cut3,2394,POPC,339,50.88206481933594,62.921722412109375,94.65029907226562
2394,cut3,2394,POPC,340,146.38726806640625,134.0417938232422,75.49981689453125
2394,cut3,2394,POPC,341,204.24856567382815,179.82154846191406,88.96330261230469
2394,cut3,2394,POPC,342,57.12220764160156,19.035085678100586,93.1125717163086
2394,cut3,2394,POPC,343,156.53797912597656,148.96537780761722,81.80015563964844
2394,cut3,2394,POPC,344,115.09293365478516,56.738059997558594,86.38853454589844
2394,cut3,2394,POPC,345,115.32774353027344,197.917724609375,94.41465759277344
2394,cut3,2394,POPC,346,84.0731201171875,47.855281829833984,86.2220687866211
2394,cut3,2394,POPC,347,29.915510177612305,164.1336212158203,88.886962890625
2394,cut3,2394,POPC,348,180.06594848632812,153.3618927001953,91.34063720703125
2394,cut3,2394,POPC,349,193.1362762451172,109.099609375,92.62001037597656
2394,cut3,2394,POPC,350,139.8653106689453,160.22901916503906,70.92227172851562
2394,cut3,2394,POPC,351,147.97557067871094,162.3362579345703,77.27552795410156
2394,cut3,2394,POPC,352,26.667776107788086,151.73028564453125,86.13257598876953
2394,cut3,2394,POPC,353,71.31771850585938,210.095947265625,92.45467376708984
2394,cut3,2394,POPC,354,127.64207458496094,115.86383819580078,72.81922149658203
2394,cut3,2394,POPC,355,56.34790802001953,109.04171752929688,71.45162963867188
2394,cut3,2394,POPC,356,137.58755493164062,79.49270629882812,68.96764373779297
2394,cut3,2394,POPC,357,178.438720703125,136.037841796875,81.19377899169922
2394,cut3,2394,POPC,358,12.971454620361328,207.48736572265625,90.07327270507812
2394,cut3,2394,POPC,359,169.08433532714844,23.730464935302734,99.44165802001953
2394,cut3,2394,POPC,360,178.71316528320312,74.06612396240234,94.5379638671875
2394,cut3,2394,POPC,361,49.985565185546875,176.47244262695312,87.99122619628906
2394,cut3,2394,POPC,362,10.195611953735352,161.32774353027344,91.14781188964844
2394,cut3,2394,POPC,363,47.68017578125,14.122237205505371,95.6612777709961
2394,cut3,2394,POPC,364,22.867406845092773,73.98870086669922,96.42867279052734
2394,cut3,2394,POPC,365,29.134428024291992,10.308075904846191,95.14031982421875
2394,cut3,2394,POPC,366,115.7103500366211,47.71775436401367,84.80329895019531
2394,cut3,2394,POPC,367,121.73816680908203,94.65586853027344,70.52290344238281
2394,cut3,2394,POPC,368,189.46498107910156,143.72169494628906,91.95285034179688
2394,cut3,2394,POPC,369,0.08370456099510193,36.701480865478516,95.42337799072266
2394,cut3,2394,POPC,370,200.32115173339844,68.26861572265625,99.15290069580078
2394,cut3,2394,POPC,371,175.8406524658203,165.4064483642578,85.30712890625
2394,cut3,2394,POPC,372,34.1370735168457,50.14857482910156,95.86189270019531
2394,cut3,2394,POPC,373,15.291254043579102,116.77291107177734,80.5706558227539
2394,cut3,2394,POPC,374,171.98980712890625,135.38331604003906,82.71281433105469
2394,cut3,2394,POPC,375,136.06646728515625,72.01441192626953,72.68494415283203
2394,cut3,2394,POPC,376,20.01728630065918,55.11167526245117,97.13895416259766
2394,cut3,2394,POPC,377,92.0042953491211,124.94520568847656,77.4629898071289
2394,cut3,2394,POPC,378,200.9402618408203,37.99224853515625,94.11040496826172
2394,cut3,2394,POPC,379,153.63507080078125,18.235595703125,89.55008697509764
2394,cut3,2394,POPC,380,191.4779510498047,15.48770809173584,98.86149597167969
2394,cut3,2394,POPC,381,45.6305046081543,168.57571411132812,88.67716979980469
2394,cut3,2394,POPC,382,35.006927490234375,139.54212951660156,83.31339263916016
2394,cut3,2394,POPC,383,89.589111328125,60.65913391113281,82.67196655273438
2394,cut3,2394,POPC,384,146.81227111816406,132.8455047607422,42.88990020751953
2394,cut3,2394,POPC,385,57.83570098876953,134.43521118164062,79.0898895263672
2394,cut3,2394,POPC,386,-3.0496411323547363,9.75597858428955,93.4912109375
2394,cut3,2394,POPC,387,115.9368667602539,139.12530517578125,71.32649230957031
2394,cut3,2394,POPC,388,180.00071716308594,203.90754699707028,95.11117553710938
2394,cut3,2394,POPC,389,37.4234733581543,63.87065887451172,94.74578094482422
2394,cut3,2394,POPC,390,197.71893310546875,160.93321228027344,93.06664276123047
2394,cut3,2394,POPC,391,130.8404998779297,74.61888885498047,71.76970672607422
2394,cut3,2394,POPC,392,184.00888061523438,159.82237243652344,89.53962707519531
2394,cut3,2394,POPC,393,156.8794403076172,183.25071716308594,83.9951400756836
2394,cut3,2394,POPC,394,62.50066375732422,4.835347652435303,90.88922882080078
2394,cut3,2394,POPC,395,107.21714782714844,64.20931243896484,82.40386962890625
2394,cut3,2394,POPC,396,104.96829986572266,150.646728515625,75.28504180908203
2394,cut3,2394,POPC,397,110.15986633300781,13.61600399017334,93.45932006835938
2394,cut3,2394,POPC,398,7.263833522796631,36.23480987548828,94.56451416015625
2394,cut3,2394,POPC,399,72.01166534423828,69.79147338867188,84.92948913574219
2394,cut3,2394,POPC,400,156.05262756347656,47.51801300048828,84.5261001586914
2394,cut3,2394,POPC,401,143.4594573974609,1.0335288047790527,94.98186492919922
2394,cut3,2394,POPC,402,149.61781311035156,0.02278473600745201,95.0716552734375
2394,cut3,2394,POPC,403,70.25092315673828,20.383468627929688,91.15361785888672
2394,cut3,2394,POPC,404,46.1522216796875,213.66075134277344,89.43505859375
2394,cut3,2394,POPC,405,102.72817993164062,121.90226745605469,79.05990600585938
2394,cut3,2394,POPC,406,60.72340393066406,210.06930541992188,92.66075897216797
2394,cut3,2394,POPC,407,60.817176818847656,197.76344299316406,91.2928695678711
2394,cut3,2394,POPC,408,66.20195007324219,11.714503288269043,90.8922119140625
2394,cut3,2394,POPC,409,80.1628189086914,63.503990173339844,85.36791229248047
2394,cut3,2394,POPC,410,36.51041030883789,150.6645965576172,86.63400268554688
2394,cut3,2394,POPC,411,121.7284164428711,14.031287193298342,96.32689666748045
2394,cut3,2394,POPC,412,155.7327880859375,112.37337493896484,83.12371063232422
2394,cut3,2394,POPC,413,115.22958374023438,155.60858154296875,67.04605865478516
2394,cut3,2394,POPC,414,55.11363220214844,200.936767578125,91.89739990234375
2394,cut3,2394,POPC,415,110.18876647949219,70.55448150634766,80.46334075927734
2394,cut3,2394,POPC,416,8.734619140625,23.218528747558594,96.83642578125
2394,cut3,2394,POPC,417,179.90879821777344,87.77368927001953,90.20196533203125
2394,cut3,2394,POPC,418,198.58824157714844,85.24751281738281,92.45232391357422
2394,cut3,2394,POPC,419,174.72003173828125,59.78376770019531,97.33485412597656
2394,cut3,2394,POPC,420,139.15097045898438,67.38768005371094,74.713134765625
2394,cut3,2394,POPC,421,200.5650634765625,18.87843894958496,95.26828002929688
2394,cut3,2394,POPC,422,185.0192108154297,85.8011245727539,89.52391052246094
2394,cut3,2394,POPC,423,-0.6903547644615173,156.45233154296875,88.20677185058594
2394,cut3,2394,POPC,424,23.59834861755371,30.557289123535156,99.83506774902344
2394,cut3,2394,POPC,425,138.21958923339844,144.6746063232422,79.36458587646484
2394,cut3,2394,POPC,426,205.8302001953125,15.82117748260498,93.63333129882812
2394,cut3,2394,POPC,427,177.7744903564453,185.430419921875,90.35990905761719
2394,cut3,2394,POPC,428,161.2369384765625,158.034423828125,83.30220031738281
2394,cut3,2394,POPC,429,76.32953643798828,158.72048950195312,85.65840148925781
2394,cut3,2394,POPC,430,5.71406888961792,194.86148071289062,91.51859283447266
2394,cut3,2394,POPC,431,201.1583251953125,48.039695739746094,95.27669525146484
2394,cut3,2394,POPC,432,137.46551513671875,224.6027374267578,90.58950805664062
2394,cut3,2394,POPC,433,147.59371948242188,110.19223022460938,81.86952209472656
2394,cut3,2394,POPC,434,33.345638275146484,219.4309844970703,92.01496887207031
2394,cut3,2394,POPC,435,150.2537384033203,121.57600402832031,81.45503997802734
2394,cut3,2394,POPC,436,85.10282897949219,141.4890594482422,79.89019012451172
2394,cut3,2394,POPC,437,126.46424865722656,121.8728256225586,69.53206634521484
2394,cut3,2394,POPC,438,58.485130310058594,96.3653335571289,87.64350128173828
2394,cut3,2394,POPC,439,47.80408477783203,154.39743041992188,84.52275085449219
2394,cut3,2394,POPC,440,88.01304626464844,74.52396392822266,83.1069107055664
2394,cut3,2394,POPC,441,28.10587501525879,84.19144439697266,91.78435516357422
2394,cut3,2394,POPC,442,182.3147735595703,55.31448745727539,97.97563171386719
2394,cut3,2394,POPC,443,61.85948944091797,60.82978057861328,86.64339447021484
2394,cut3,2394,POPC,444,78.24856567382812,69.00965118408205,84.97643280029297
2394,cut3,2394,POPC,445,89.18414306640625,176.66705322265625,88.8781509399414
2394,cut3,2394,POPC,446,107.79389953613281,208.02178955078125,93.89781951904297
2394,cut3,2394,POPC,447,185.4925537109375,20.87666893005371,96.7912826538086
2394,cut3,2394,POPC,448,89.12059020996094,205.25350952148438,93.31138610839844
2394,cut3,2394,POPC,449,58.67864227294922,47.39488220214844,51.286338806152344
2394,cut3,2394,POPC,450,17.734453201293945,65.43617248535156,95.46141815185547
2394,cut3,2394,POPC,451,112.33702850341797,36.241336822509766,87.79602813720703
2394,cut3,2394,POPC,452,17.57151222229004,219.5298309326172,53.44407272338867
2394,cut3,2394,POPC,453,21.866247177124023,202.289794921875,88.90680694580078
2394,cut3,2394,POPC,454,43.13453674316406,143.34837341308594,84.3701171875
2394,cut3,2394,POPC,455,136.61782836914062,172.1076354980469,73.52471160888672
2394,cut3,2394,POPC,456,174.24330139160156,91.8873519897461,89.79844665527344
2394,cut3,2394,POPC,457,54.20780944824219,47.60355758666992,88.45480346679688
2394,cut3,2394,POPC,458,55.257057189941406,140.63311767578125,80.49239349365234
2394,cut3,2394,POPC,459,192.0912322998047,56.9317626953125,96.98453521728516
2394,cut3,2394,POPC,460,179.2418212890625,46.555908203125,94.41499328613281
2394,cut3,2394,POPC,461,91.07421875,80.25220489501953,81.42626953125
2394,cut3,2394,POPC,462,58.415130615234375,6.491542339324951,95.54045104980469
2394,cut3,2394,POPC,463,11.689216613769531,181.85858154296875,90.8568115234375
2394,cut3,2394,POPC,464,209.11976623535156,224.61372375488278,93.36467742919922
2394,cut3,2394,POPC,465,70.15298461914062,143.72232055664062,81.47462463378906
2394,cut3,2394,POPC,466,17.04558563232422,15.341193199157715,92.93963623046875
2394,cut3,2394,POPC,467,16.11583709716797,126.6148452758789,82.03813934326172
2394,cut3,2394,POPC,468,97.99730682373047,178.34884643554688,82.17852783203125
2394,cut3,2394,POPC,469,46.96543502807617,130.43878173828125,80.0466537475586
2394,cut3,2394,POPC,470,188.73098754882812,130.90756225585938,89.0586929321289
2394,cut3,2394,POPC,471,177.7929229736328,26.44574737548828,100.45326232910156
2394,cut3,2394,POPC,472,95.85830688476562,155.32479858398438,81.46605682373047
2394,cut3,2394,POPC,473,57.710899353027344,60.55054473876953,90.9153823852539
2394,cut3,2394,POPC,474,31.17783546447754,143.591796875,87.55517578125
2394,cut3,2394,POPC,475,154.97027587890625,157.80465698242188,82.2481918334961
2394,cut3,2394,POPC,476,145.94081115722656,49.75861740112305,84.13482666015625
2394,cut3,2394,POPC,477,26.986356735229492,113.3157958984375,80.44609069824219
2394,cut3,2394,POPC,478,141.8258056640625,138.98866271972656,74.16804504394531
2394,cut3,2394,POPC,479,146.4212646484375,178.91665649414062,81.81151580810547
2394,cut3,2394,POPC,480,178.10052490234378,123.18400573730469,85.9878921508789
2394,cut3,2394,POPC,481,38.87415313720703,18.741994857788086,94.84551239013672
2394,cut3,2394,POPC,482,76.22633361816406,152.2870635986328,84.83536529541016
2394,cut3,2394,POPC,483,59.66206359863281,156.6481475830078,88.95069885253906
2394,cut3,2394,POPC,484,49.126365661621094,92.9386978149414,84.40389251708984
2394,cut3,2394,POPC,485,62.48004913330078,137.80088806152344,79.30857849121092
2394,cut3,2394,POPC,486,155.54751586914062,8.405945777893066,95.48098754882811
2394,cut3,2394,POPC,487,72.77383422851562,174.63499450683594,85.47847747802734
2394,cut3,2394,POPC,488,39.42655563354492,176.261962890625,88.80326843261719
2394,cut3,2394,POPC,489,83.84933471679688,161.75685119628906,81.85027313232422
2394,cut3,2394,POPC,490,146.36009216308594,117.02847290039062,79.38334655761719
2394,cut3,2394,POPC,491,151.4683380126953,187.54385375976562,81.80069732666016
2394,cut3,2394,POPC,492,123.10879516601562,46.33254623413086,49.05292892456055
2394,cut3,2394,POPC,493,43.489585876464844,74.0572738647461,89.29220581054688
2394,cut3,2394,POPC,494,14.329326629638672,5.5090651512146,92.53238677978516
2394,cut3,2394,POPC,495,132.13742065429688,162.772705078125,71.15335083007812
2394,cut3,2394,POPC,496,129.45664978027344,26.870609283447266,90.99471282958984
2394,cut3,2394,POPC,497,114.8595962524414,207.49569702148438,96.19342041015625
2394,cut3,2394,POPC,498,120.9635009765625,207.6778106689453,94.06514739990234
2394,cut3,2394,POPC,499,31.266870498657227,208.6923828125,89.63871765136719
2394,cut3,2394,POPC,500,102.98664093017578,45.756954193115234,92.18058776855469
2394,cut3,2394,POPC,501,55.35906219482422,125.78233337402344,78.8570327758789
2394,cut3,2394,POPC,502,182.892333984375,143.54742431640625,90.68551635742188
2394,cut3,2394,POPC,503,120.3842544555664,64.77849578857422,75.5718002319336
2394,cut3,2394,POPC,504,16.234546661376953,143.66452026367188,84.97614288330078
2394,cut3,2394,POPC,505,128.313232421875,59.64282989501953,76.73381805419922
2394,cut3,2394,POPC,506,117.75210571289062,35.65644073486328,88.43119049072266
2394,cut3,2394,POPC,507,174.09764099121094,30.582069396972656,95.41692352294922
2394,cut3,2394,POPC,508,125.54993438720703,126.61380004882812,73.4172592163086
2394,cut3,2394,POPC,509,4.471513271331787,170.9710693359375,92.21324920654297
2394,cut3,2394,POPC,510,58.30767059326172,38.08864212036133,92.17677307128906
2394,cut3,2394,POPC,511,172.01171875,77.36495208740234,91.04337310791016
2394,cut3,2394,POPC,512,91.59908294677734,199.52589416503906,89.04310607910156
2394,cut3,2394,POPC,513,86.36223602294922,219.76588439941406,92.43229675292969
2394,cut3,2394,POPC,514,73.65245056152344,25.392608642578125,92.2493896484375
2394,cut3,2394,POPC,515,161.04727172851562,220.1175537109375,95.04924011230469
2394,cut3,2394,POPC,516,182.1157989501953,92.60279083251953,87.98503875732422
2394,cut3,2394,POPC,517,95.02909088134766,7.516988277435303,93.30690002441406
2394,cut3,2394,POPC,518,205.63356018066406,24.115509033203125,94.90084075927734
2394,cut3,2394,POPC,519,19.858469009399414,41.20528793334961,100.20789337158203
2394,cut3,2394,POPC,520,106.5000228881836,95.40254211425781,76.59323120117188
2394,cut3,2394,POPC,521,49.18598556518555,27.52153778076172,94.79435729980469
2394,cut3,2394,POPC,522,198.60968017578125,12.720105171203613,95.77252960205078
2394,cut3,2394,POPC,523,208.78749084472656,186.4681854248047,91.53714752197266
2394,cut3,2394,POPC,524,6.860398769378662,209.89715576171875,92.80625915527344
2394,cut3,2394,POPC,525,174.44134521484375,118.04177856445312,85.79253387451172
2394,cut3,2394,POPC,526,4.268062114715576,26.966781616210938,98.25860595703125
2394,cut3,2394,POPC,527,38.20391082763672,211.20445251464844,86.17610168457031
2394,cut3,2394,POPC,528,9.894195556640625,71.5721206665039,91.91143035888672
2394,cut3,2394,POPC,529,11.124229431152344,64.99124145507812,96.56673431396484
2394,cut3,2394,POPC,530,172.3473663330078,84.61334991455078,88.61429595947266
2394,cut3,2394,POPC,531,186.0147705078125,2.91951322555542,99.88331604003906
2394,cut3,2394,POPC,532,132.66650390625,47.48036193847656,81.1044921875
2394,cut3,2394,POPC,533,67.12715911865234,203.8367919921875,90.46299743652344
2394,cut3,2394,POPC,534,48.49457931518555,34.165523529052734,96.47920989990234
2394,cut3,2394,POPC,535,108.39625549316406,48.84656524658203,89.4236068725586
2394,cut3,2394,POPC,536,164.2960968017578,16.809175491333008,97.50941467285156
2394,cut3,2394,POPC,537,90.94064331054686,142.11878967285156,76.46867370605469
2394,cut3,2394,POPC,538,75.07617187499999,131.5230255126953,73.21239471435548
2394,cut3,2394,POPC,539,106.1824722290039,78.02301025390625,77.36781311035156
2394,cut3,2394,POPC,540,69.10608673095703,81.30584716796875,90.13704681396484
2394,cut3,2394,POPC,541,114.35447692871094,65.4344711303711,80.87249755859375
2394,cut3,2394,POPC,542,161.6695556640625,213.99981689453125,97.21366119384766
2394,cut3,2394,POPC,543,20.21916389465332,24.411346435546875,97.91030883789062
2394,cut3,2394,POPC,544,103.46802520751953,99.28974151611328,83.14167785644531
2394,cut3,2394,POPC,545,-0.7475199103355408,174.1849822998047,90.61243438720703
2394,cut3,2394,POPC,546,195.35665893554688,183.85992431640625,95.52531433105469
2394,cut3,2394,POPC,547,82.42633819580078,97.89805603027344,82.04747772216797
2394,cut3,2394,POPC,548,64.37394714355469,176.2021942138672,87.52262878417969
2394,cut3,2394,POPC,549,194.21060180664062,193.28268432617188,92.78861999511719
2394,cut3,2394,POPC,550,93.50247192382812,148.39515686035156,77.01373291015625
2394,cut3,2394,POPC,551,81.5537338256836,123.86884307861328,72.48030853271484
2394,cut3,2394,POPC,552,50.01508331298828,122.037353515625,79.95860290527344
2394,cut3,2394,POPC,553,58.496482849121094,51.97962570190429,88.61209869384766
2394,cut3,2394,POPC,554,192.25767517089844,43.16618347167969,95.7286605834961
2394,cut3,2394,POPC,555,0.7136560082435608,146.0394287109375,85.10897827148438
2394,cut3,2394,POPC,556,54.78825378417969,95.21774291992188,54.62125778198242
2394,cut3,2394,POPC,557,129.96153259277344,215.5618896484375,95.83995819091797
2394,cut3,2394,POPC,558,36.75026321411133,39.27237319946289,95.86773681640625
2394,cut3,2394,POPC,559,204.44627380371094,71.55288696289062,94.55950927734375
2394,cut3,2394,POPC,560,137.2082977294922,110.975341796875,73.81439208984375
2394,cut3,2394,POPC,561,100.87632751464844,192.4246368408203,86.4257583618164
2394,cut3,2394,POPC,562,164.65797424316406,101.78009796142578,85.69989776611328
2394,cut3,2394,POPC,563,36.74471664428711,108.00159454345703,81.31022644042969
2394,cut3,2394,POPC,564,133.28648376464844,169.59947204589847,71.1535110473633
2394,cut3,2394,POPC,565,81.34404754638672,203.5189971923828,89.1985092163086
2394,cut3,2394,POPC,566,169.2427520751953,171.44696044921875,86.94271850585938
2394,cut3,2394,POPC,567,196.23875427246094,92.09004211425781,57.8458366394043
2394,cut3,2394,POPC,568,52.07908630371094,32.25449752807617,91.92339324951172
2394,cut3,2394,POPC,569,43.366241455078125,23.68317413330078,92.0487289428711
2394,cut3,2394,POPC,570,161.61642456054688,96.93515014648438,83.10196685791016
2394,cut3,2394,POPC,571,208.5968017578125,126.23868560791016,87.2783203125
2394,cut3,2394,POPC,572,18.878236770629883,193.30836486816406,91.70333099365234
2394,cut3,2394,POPC,573,18.898496627807617,136.9914398193359,88.47480010986328
2394,cut3,2394,POPC,574,60.80500793457031,118.1399917602539,77.83140563964844
2394,cut3,2394,POPC,575,89.3243637084961,42.268280029296875,45.99397277832031
2394,cut3,2394,POPC,576,79.90065002441406,77.02812957763672,84.97722625732422
2394,cut3,2394,POPC,577,11.253936767578127,198.2071990966797,92.67696380615234
2394,cut3,2394,POPC,578,47.02678298950195,190.14285278320312,88.65796661376953
2394,cut3,2394,POPC,579,140.45672607421875,187.80697631835938,77.00221252441406
2394,cut3,2394,POPC,580,153.0668487548828,105.49858856201172,82.45613098144531
2394,cut3,2394,POPC,581,20.218252182006836,110.90444946289062,80.14649200439453
2394,cut3,2394,POPC,582,202.97650146484375,166.89294433593753,91.55061340332031
2394,cut3,2394,POPC,583,174.391845703125,108.431396484375,86.54844665527344
2394,cut3,2394,POPC,584,108.36603546142578,220.3480682373047,95.19207763671875
2394,cut3,2394,POPC,585,127.11492156982422,18.970821380615234,94.3032455444336
2394,cut3,2394,POPC,586,189.2286834716797,222.2218780517578,101.14801788330078
2394,cut3,2394,POPC,587,187.4533233642578,213.0104522705078,100.36329650878906
2394,cut3,2394,POPC,588,19.570253372192383,176.62356567382812,89.7654800415039
2394,cut3,2394,POPC,589,68.40898895263672,187.59963989257812,89.45046997070312
2394,cut3,2394,POPC,590,40.008514404296875,194.79833984375,87.63270568847656
2394,cut3,2394,POPC,591,72.6423110961914,137.39205932617188,71.73089599609375
2394,cut3,2394,POPC,592,104.5600357055664,3.7836756706237793,94.80481719970703
2394,cut3,2394,POPC,593,36.71303176879883,188.53097534179688,88.19172668457031
2394,cut3,2394,POPC,594,7.588305950164795,224.00636291503906,56.96140670776367
2394,cut3,2394,POPC,595,169.4193115234375,125.4327392578125,85.4986343383789
2394,cut3,2394,POPC,596,29.115419387817383,200.36866760253906,88.80472564697266
2394,cut3,2394,POPC,597,79.05815124511719,226.51492309570312,93.09273529052734
2394,cut3,2394,POPC,598,34.779136657714844,2.743546962738037,94.14984893798828
2394,cut3,2394,POPC,599,42.593086242675774,2.2547202110290527,93.0301742553711
2394,cut3,2394,POPC,600,39.77742385864258,132.48162841796875,82.37730407714845
2394,cut3,2394,POPC,601,33.743377685546875,200.6822967529297,85.90581512451172
2394,cut3,2394,POPC,602,80.1692123413086,135.05804443359375,76.45660400390625
2394,cut3,2394,POPC,603,41.59096908569336,66.73552703857422,89.4854736328125
2394,cut3,2394,POPC,604,18.92429542541504,209.64137268066406,92.27759552001952
2394,cut3,2394,POPC,605,109.02147674560547,88.12847900390625,79.83300018310545
2394,cut3,2394,POPC,606,159.89688110351562,172.9119873046875,82.64027404785156
2394,cut3,2394,POPC,607,122.25106811523438,170.58160400390625,73.03672790527344
2394,cut3,2394,POPC,608,127.30879211425781,93.61070251464844,35.07956314086914
2394,cut3,2394,POPC,609,209.46006774902344,58.98668670654297,56.42107391357422
2394,cut3,2394,POPC,610,92.89407348632812,177.48782348632812,42.561500549316406
2394,cut3,2394,POPC,611,172.71957397460938,152.8737030029297,54.010963439941406
2394,cut3,2394,POPC,612,40.24026870727539,61.787681579589844,51.29747009277344
2394,cut3,2394,POPC,613,161.91790771484375,175.36843872070312,47.36618423461914
2394,cut3,2394,POPC,614,152.28085327148438,134.59681701660156,46.7626953125
2394,cut3,2394,POPC,615,141.34686279296875,4.72367525100708,57.74632263183594
2394,cut3,2394,POPC,616,164.5448455810547,-2.842437267303467,57.126182556152344
2394,cut3,2394,POPC,617,101.03877258300781,186.18472290039062,45.09596252441406
2394,cut3,2394,POPC,618,75.70806884765625,166.99510192871094,39.484806060791016
2394,cut3,2394,POPC,619,23.68890953063965,32.298126220703125,56.19966506958008
2394,cut3,2394,POPC,620,15.629776000976562,196.8230438232422,51.30613327026367
2394,cut3,2394,POPC,621,181.4930419921875,201.70835876464844,58.89923858642578
2394,cut3,2394,POPC,622,73.17506408691406,28.906814575195316,52.782875061035156
2394,cut3,2394,POPC,623,48.085533142089844,31.809844970703125,52.01385879516602
2394,cut3,2394,POPC,624,19.80696678161621,87.33827209472656,52.169700622558594
2394,cut3,2394,POPC,625,201.4945831298828,171.95660400390625,52.004188537597656
2394,cut3,2394,POPC,626,27.623567581176758,49.73328399658203,57.41815948486328
2394,cut3,2394,POPC,627,189.83740234375,120.94867706298828,52.03493881225585
2394,cut3,2394,POPC,628,119.99531555175781,206.79998779296875,45.60469436645508
2394,cut3,2394,POPC,629,177.7460479736328,187.96005249023438,57.655155181884766
2394,cut3,2394,POPC,630,181.46717834472656,104.13374328613281,49.7763671875
2394,cut3,2394,POPC,631,198.52996826171875,149.95376586914062,51.78719711303711
2394,cut3,2394,POPC,632,38.785133361816406,222.3628387451172,51.440887451171875
2394,cut3,2394,POPC,633,24.315710067749023,199.79132080078125,51.98518371582031
2394,cut3,2394,POPC,634,35.93358612060547,6.898848056793213,53.077049255371094
2394,cut3,2394,POPC,635,64.6442642211914,152.76918029785156,42.27001953125
2394,cut3,2394,POPC,636,37.310340881347656,149.1613311767578,41.73451614379883
2394,cut3,2394,POPC,637,91.52462768554688,114.25797271728516,48.9822998046875
2394,cut3,2394,POPC,638,33.96271896362305,28.683635711669922,54.20338821411133
2394,cut3,2394,POPC,639,97.23468780517578,33.136531829833984,46.52373123168945
2394,cut3,2394,POPC,640,197.14532470703125,23.888996124267578,54.52986145019531
2394,cut3,2394,POPC,641,192.23187255859378,127.8683853149414,51.744712829589844
2394,cut3,2394,POPC,642,202.73336791992188,138.1815948486328,56.35953903198242
2394,cut3,2394,POPC,643,36.4633903503418,49.90262985229492,56.451011657714844
2394,cut3,2394,POPC,644,170.4912872314453,21.801639556884766,54.5880012512207
2394,cut3,2394,POPC,645,129.16954040527344,145.94448852539062,33.548500061035156
2394,cut3,2394,POPC,646,192.26638793945312,76.93785095214844,55.95528030395508
2394,cut3,2394,POPC,647,186.7150115966797,104.34879302978516,54.57244873046875
2394,cut3,2394,POPC,648,26.274282455444336,44.84498596191406,53.524715423583984
2394,cut3,2394,POPC,649,192.31069946289062,137.26040649414062,52.356529235839844
2394,cut3,2394,POPC,650,174.33404541015625,17.673839569091797,53.81040573120117
2394,cut3,2394,POPC,651,200.03811645507812,191.24647521972656,55.752132415771484
2394,cut3,2394,POPC,652,69.5622787475586,170.0826873779297,44.144996643066406
2394,cut3,2394,POPC,653,48.17891311645508,72.43340301513672,56.3249397277832
2394,cut3,2394,POPC,654,195.09397888183594,114.5721206665039,54.218448638916016
2394,cut3,2394,POPC,655,55.334693908691406,213.433349609375,53.30908203125
2394,cut3,2394,POPC,656,77.69898986816406,214.18499755859375,56.6713752746582
2394,cut3,2394,POPC,657,87.72102355957031,205.2422637939453,54.497581481933594
2394,cut3,2394,POPC,658,156.47747802734375,122.01800537109375,39.93075180053711
2394,cut3,2394,POPC,659,119.21749114990234,64.7103042602539,38.685001373291016
2394,cut3,2394,POPC,660,2.7260451316833496,200.4139862060547,47.32036209106445
2394,cut3,2394,POPC,661,106.22657012939453,124.763427734375,39.79935836791992
2394,cut3,2394,POPC,662,58.18468475341797,68.6964111328125,51.194583892822266
2394,cut3,2394,POPC,663,44.2709846496582,179.6300506591797,54.403499603271484
2394,cut3,2394,POPC,664,43.005638122558594,28.36935806274414,53.69057846069336
2394,cut3,2394,POPC,665,69.11495971679688,16.680227279663086,52.07740783691406
2394,cut3,2394,POPC,666,59.375701904296875,176.59078979492188,52.0640983581543
2394,cut3,2394,POPC,667,52.7052001953125,162.57521057128906,53.47455978393554
2394,cut3,2394,POPC,668,99.88489532470703,216.82687377929688,50.15483856201172
2394,cut3,2394,POPC,669,122.55992889404297,139.45469665527344,33.963478088378906
2394,cut3,2394,POPC,670,35.77465057373047,195.00961303710938,49.91522979736328
2394,cut3,2394,POPC,671,18.100839614868164,151.658203125,48.16154861450195
2394,cut3,2394,POPC,672,193.45953369140625,158.7093048095703,46.6346435546875
2394,cut3,2394,POPC,673,46.52467346191406,211.03248596191406,52.928897857666016
2394,cut3,2394,POPC,674,183.86216735839844,18.064716339111328,52.05569076538086
2394,cut3,2394,POPC,675,21.445444107055664,40.980064392089844,55.073543548583984
2394,cut3,2394,POPC,676,150.7350311279297,168.00865173339844,43.09901809692383
2394,cut3,2394,POPC,677,13.923974990844727,69.22877502441406,48.99663162231445
2394,cut3,2394,POPC,678,38.40444564819336,75.9448013305664,56.829315185546875
2394,cut3,2394,POPC,679,71.30800628662111,47.212852478027344,49.50748062133789
2394,cut3,2394,POPC,680,109.76533508300781,5.419274806976318,54.1009635925293
2394,cut3,2394,POPC,681,64.01472473144531,28.84225845336914,51.7337646484375
2394,cut3,2394,POPC,682,88.61650085449219,162.7620086669922,40.04555130004883
2394,cut3,2394,POPC,683,82.14894104003906,152.6279754638672,83.9070816040039
2394,cut3,2394,POPC,684,188.21383666992188,206.15548706054688,56.94438934326172
2394,cut3,2394,POPC,685,180.04905700683594,9.488276481628418,56.572059631347656
2394,cut3,2394,POPC,686,50.42576599121094,86.37958526611328,55.14235305786133
2394,cut3,2394,POPC,687,119.15618896484375,15.953059196472168,57.139686584472656
2394,cut3,2394,POPC,688,64.68379211425781,-2.3394017219543457,58.70335006713867
2394,cut3,2394,POPC,689,202.0525360107422,43.48923873901367,57.32566833496094
2394,cut3,2394,POPC,690,91.56043243408202,218.42764282226562,54.373626708984375
2394,cut3,2394,POPC,691,-0.8632082343101501,29.143375396728512,56.39323806762695
2394,cut3,2394,POPC,692,29.872087478637695,190.14295959472656,53.237457275390625
2394,cut3,2394,POPC,693,12.292800903320312,214.8079833984375,52.46493148803711
2394,cut3,2394,POPC,694,114.27388000488281,191.1819610595703,48.44515991210938
2394,cut3,2394,POPC,695,107.4434585571289,86.19440460205078,36.89606475830078
2394,cut3,2394,POPC,696,121.70120239257812,154.5935821533203,34.24374008178711
2394,cut3,2394,POPC,697,92.34602355957031,14.851788520812988,51.23667907714844
2394,cut3,2394,POPC,698,189.07301330566406,108.89781188964844,52.005523681640625
2394,cut3,2394,POPC,699,33.261993408203125,224.1643829345703,52.93577194213867
2394,cut3,2394,POPC,700,62.65784454345703,215.97677612304688,57.822059631347656
2394,cut3,2394,POPC,701,8.456266403198242,18.330482482910156,61.93998718261719
2394,cut3,2394,POPC,702,109.69094848632812,210.3287353515625,51.336151123046875
2394,cut3,2394,POPC,703,48.233741760253906,5.916259288787842,55.304893493652344
2394,cut3,2394,POPC,704,67.84449005126953,202.527587890625,56.533592224121094
2394,cut3,2394,POPC,705,150.7413787841797,3.882050037384033,57.96230697631836
2394,cut3,2394,POPC,706,201.68447875976562,114.47921752929688,53.37926483154297
2394,cut3,2394,POPC,707,83.2874069213867,190.12100219726562,42.915733337402344
2394,cut3,2394,POPC,708,0.9670968651771545,-1.6401591300964355,55.86362075805664
2394,cut3,2394,POPC,709,142.89212036132812,149.3655548095703,37.60087966918946
2394,cut3,2394,POPC,710,194.01206970214844,178.2976531982422,53.93730926513672
2394,cut3,2394,POPC,711,110.88506317138672,197.9918670654297,46.79677963256836
2394,cut3,2394,POPC,712,8.051536560058594,72.57801055908203,51.680946350097656
2394,cut3,2394,POPC,713,103.12678527832031,1.6213088035583496,55.933326721191406
2394,cut3,2394,POPC,714,97.2308807373047,221.20745849609375,54.429649353027344
2394,cut3,2394,POPC,715,86.33304595947266,179.3159027099609,42.977115631103516
2394,cut3,2394,POPC,716,82.51798248291016,157.80235290527344,37.269569396972656
2394,cut3,2394,POPC,717,194.24851989746094,192.2151336669922,57.72172927856445
2394,cut3,2394,POPC,718,127.12773895263672,43.16507339477539,44.648624420166016
2394,cut3,2394,POPC,719,74.6517562866211,224.3892059326172,59.06022644042969
2394,cut3,2394,POPC,720,127.68695831298828,64.01766967773438,37.28611373901367
2394,cut3,2394,POPC,721,91.03800201416016,225.853271484375,57.062965393066406
2394,cut3,2394,POPC,722,47.94133377075195,0.031809356063604355,51.317195892333984
2394,cut3,2394,POPC,723,40.548805236816406,46.179927825927734,49.97298812866211
2394,cut3,2394,POPC,724,195.73837280273438,171.89785766601562,51.38700866699219
2394,cut3,2394,POPC,725,189.00173950195312,185.8068084716797,54.97395706176758
2394,cut3,2394,POPC,726,73.08123779296875,53.53336715698242,52.49913024902344
2394,cut3,2394,POPC,727,179.36573791503906,193.1717071533203,60.478309631347656
2394,cut3,2394,POPC,728,61.43354034423828,141.93923950195312,37.82496643066406
2394,cut3,2394,POPC,729,34.49674987792969,66.31669616699219,54.00327301025391
2394,cut3,2394,POPC,730,144.61781311035156,104.77098083496094,36.61397171020508
2394,cut3,2394,POPC,731,28.49440574645996,205.9710693359375,53.43436050415039
2394,cut3,2394,POPC,732,14.277517318725586,39.71577072143555,57.89406204223633
2394,cut3,2394,POPC,733,168.47607421875,151.6390380859375,48.061500549316406
2394,cut3,2394,POPC,734,200.11326599121094,57.44469451904297,59.577354431152344
2394,cut3,2394,POPC,735,40.918701171875,55.10393142700195,52.41769790649414
2394,cut3,2394,POPC,736,68.26224517822266,147.19195556640625,35.64695739746094
2394,cut3,2394,POPC,737,49.73578643798828,183.8842315673828,52.058563232421875
2394,cut3,2394,POPC,738,80.12866973876953,73.72101593017578,49.03767776489258
2394,cut3,2394,POPC,739,27.65952491760254,183.5170135498047,51.820587158203125
2394,cut3,2394,POPC,740,167.76705932617188,98.94241333007812,42.859111785888665
2394,cut3,2394,POPC,741,160.51556396484375,138.43649291992188,46.892242431640625
2394,cut3,2394,POPC,742,97.85635375976562,46.8519287109375,44.7030143737793
2394,cut3,2394,POPC,743,0.6742549538612367,82.88797760009766,54.9537467956543
2394,cut3,2394,POPC,744,209.58750915527344,43.45507049560547,56.39842987060547
2394,cut3,2394,POPC,745,65.38934326171875,40.48991775512695,50.436161041259766
2394,cut3,2394,POPC,746,59.021018981933594,52.31098175048828,52.47578811645508
2394,cut3,2394,POPC,747,177.2569580078125,126.96593475341797,45.87024688720703
2394,cut3,2394,POPC,748,71.59947204589844,7.688652515411377,59.24861145019531
2394,cut3,2394,POPC,749,185.2538604736328,114.17501831054688,50.37797164916992
2394,cut3,2394,POPC,750,60.4073486328125,154.14572143554688,46.07212448120117
2394,cut3,2394,POPC,751,134.56118774414062,214.9320831298828,60.82514953613281
2394,cut3,2394,POPC,752,137.1552276611328,134.65078735351562,37.85774230957031
2394,cut3,2394,POPC,753,74.0557632446289,157.1857147216797,40.00956726074219
2394,cut3,2394,POPC,754,92.72364807128906,30.38378143310547,44.58127975463867
2394,cut3,2394,POPC,755,179.72119140625,55.38417053222656,54.377933502197266
2394,cut3,2394,POPC,756,50.23643493652344,40.21034622192383,50.510963439941406
2394,cut3,2394,POPC,757,89.16006469726562,8.892321586608887,52.316349029541016
2394,cut3,2394,POPC,758,185.97927856445312,77.22498321533203,52.50680160522461
2394,cut3,2394,POPC,759,57.25605773925781,6.272119998931885,56.020301818847656
2394,cut3,2394,POPC,760,54.94537353515625,170.04534912109375,48.876373291015625
2394,cut3,2394,POPC,761,126.22489166259766,20.190322875976562,58.60669708251953
2394,cut3,2394,POPC,762,104.67236328125,58.38654327392578,40.96033477783203
2394,cut3,2394,POPC,763,75.54956817626953,82.3166732788086,52.093299865722656
2394,cut3,2394,POPC,764,89.69386291503906,63.39173889160156,53.938072204589844
2394,cut3,2394,POPC,765,123.79080963134767,52.3484992980957,38.41374206542969
2394,cut3,2394,POPC,766,75.83500671386719,20.845348358154297,54.7706413269043
2394,cut3,2394,POPC,767,176.65782165527344,65.46990203857422,52.64197540283203
2394,cut3,2394,POPC,768,60.43885803222656,203.65248107910156,54.5142822265625
2394,cut3,2394,POPC,769,30.22776985168457,198.04449462890625,52.77086639404297
2394,cut3,2394,POPC,770,104.26808166503906,72.90065002441406,44.02248764038086
2394,cut3,2394,POPC,771,92.07299041748047,191.7603302001953,46.496917724609375
2394,cut3,2394,POPC,772,16.1390323638916,34.384002685546875,55.67369842529297
2394,cut3,2394,POPC,773,155.0770721435547,150.9092559814453,40.282005310058594
2394,cut3,2394,POPC,774,205.30633544921875,29.391376495361328,57.690582275390625
2394,cut3,2394,POPC,775,211.3273468017578,21.37807273864746,60.71228790283203
2394,cut3,2394,POPC,776,161.04971313476562,218.51976013183594,60.71094512939453
2394,cut3,2394,POPC,777,-1.214983344078064,210.1287384033203,53.401275634765625
2394,cut3,2394,POPC,778,53.70240783691406,191.64166259765625,51.614219665527344
2394,cut3,2394,POPC,779,188.8372802734375,63.600440979003906,54.752464294433594
2394,cut3,2394,POPC,780,77.99579620361328,5.341029644012451,57.43063735961914
2394,cut3,2394,POPC,781,185.41893005371094,32.38105010986328,54.649654388427734
2394,cut3,2394,POPC,782,30.4062557220459,139.57894897460938,43.55750274658203
2394,cut3,2394,POPC,783,190.90805053710938,217.75936889648438,55.618988037109375
2394,cut3,2394,POPC,784,46.17886734008789,218.04078674316406,50.45291519165039
2394,cut3,2394,POPC,785,78.61287689208984,175.36000061035156,40.76099395751953
2394,cut3,2394,POPC,786,4.182244777679443,168.0988311767578,48.58055877685547
2394,cut3,2394,POPC,787,110.0842514038086,105.36307525634766,42.378379821777344
2394,cut3,2394,POPC,788,34.45724868774414,106.93923950195312,54.013851165771484
2394,cut3,2394,POPC,789,174.60633850097656,171.44227600097656,49.863807678222656
2394,cut3,2394,POPC,790,9.790121078491211,131.21629333496094,56.709354400634766
2394,cut3,2394,POPC,791,42.00780487060547,8.96301555633545,55.22514343261719
2394,cut3,2394,POPC,792,41.778892517089844,151.38919067382812,83.93547821044922
2394,cut3,2394,POPC,793,38.716976165771484,202.62979125976562,50.55141067504883
2394,cut3,2394,POPC,794,54.09234619140625,17.613948822021484,54.01137924194337
2394,cut3,2394,POPC,795,171.91433715820312,118.81368255615233,42.727474212646484
2394,cut3,2394,POPC,796,183.02865600585938,95.07258605957031,50.11781692504883
2394,cut3,2394,POPC,797,66.18704223632812,161.46746826171875,44.96390914916992
2394,cut3,2394,POPC,798,201.264892578125,24.43074417114258,58.58379364013672
2394,cut3,2394,POPC,799,213.6428985595703,65.03492736816406,53.6078987121582
2394,cut3,2394,POPC,800,148.00198364257812,137.67767333984375,39.586238861083984
2394,cut3,2394,POPC,801,17.354379653930664,181.37387084960938,51.983219146728516
2394,cut3,2394,POPC,802,69.85357666015625,24.777179718017578,53.473785400390625
2394,cut3,2394,POPC,803,11.697761535644531,93.7426986694336,55.78977966308594
2394,cut3,2394,POPC,804,62.43964385986328,181.39422607421875,51.36302185058594
2394,cut3,2394,POPC,805,193.78067016601562,19.14093589782715,53.084468841552734
2394,cut3,2394,POPC,806,1.4938732385635376,213.89663696289062,54.33501434326172
2394,cut3,2394,POPC,807,96.30813598632812,51.720157623291016,48.15237808227539
2394,cut3,2394,POPC,808,133.9005584716797,11.34711742401123,56.77569580078125
2394,cut3,2394,POPC,809,62.945960998535156,189.60684204101562,51.612144470214844
2394,cut3,2394,POPC,810,83.26458740234375,210.34666442871094,55.71501922607422
2394,cut3,2394,POPC,811,52.432212829589844,196.22425842285156,50.36613845825195
2394,cut3,2394,POPC,812,79.16817474365234,46.139190673828125,46.419178009033196
2394,cut3,2394,POPC,813,197.17086791992188,216.0991973876953,54.351627349853516
2394,cut3,2394,POPC,814,73.95858764648438,195.80355834960938,53.94984436035156
2394,cut3,2394,POPC,815,171.0688018798828,4.16946268081665,57.107017517089844
2394,cut3,2394,POPC,816,211.6816864013672,90.79959869384766,59.54448318481445
2394,cut3,2394,POPC,817,18.367647171020508,60.19036865234375,51.75387954711914
2394,cut3,2394,POPC,818,49.16297912597656,63.15167999267578,48.10430145263672
2394,cut3,2394,POPC,819,192.4542999267578,211.21893310546875,56.315216064453125
2394,cut3,2394,POPC,820,90.30763244628906,50.95273208618164,50.703128814697266
2394,cut3,2394,POPC,821,10.884376525878906,45.84975051879883,56.21792984008789
2394,cut3,2394,POPC,822,119.57953643798828,7.1768012046813965,57.15537643432617
2394,cut3,2394,POPC,823,161.73458862304688,166.03518676757812,44.63948059082031
2394,cut3,2394,POPC,824,8.89206314086914,80.31830596923828,51.83761978149414
2394,cut3,2394,POPC,825,123.70954132080078,84.01520538330078,34.70524978637695
2394,cut3,2394,POPC,826,44.13841247558594,196.28387451171875,48.82738494873047
2394,cut3,2394,POPC,827,70.86070251464844,207.26025390625,55.75191879272461
2394,cut3,2394,POPC,828,57.89118957519531,193.65435791015625,52.77444839477539
2394,cut3,2394,POPC,829,52.125205993652344,137.22198486328125,41.70057678222656
2394,cut3,2394,POPC,830,192.86029052734375,148.9125213623047,53.491241455078125
2394,cut3,2394,POPC,831,46.33937072753906,81.62338256835938,52.390419006347656
2394,cut3,2394,POPC,832,39.631290435791016,69.59197235107422,55.39298629760742
2394,cut3,2394,POPC,833,27.537687301635742,75.73793029785156,52.964935302734375
2394,cut3,2394,POPC,834,10.742637634277344,147.26463317871094,51.220542907714844
2394,cut3,2394,POPC,835,13.845394134521484,161.77606201171875,50.96727752685547
2394,cut3,2394,POPC,836,55.10481262207031,160.9924774169922,57.7010383605957
2394,cut3,2394,POPC,837,191.8927001953125,174.095703125,48.3852653503418
2394,cut3,2394,POPC,838,189.7112274169922,143.6131591796875,52.53642654418945
2394,cut3,2394,POPC,839,74.81433868408203,133.93856811523438,39.74860763549805
2394,cut3,2394,POPC,840,60.07457733154297,147.18223571777344,41.850521087646484
2394,cut3,2394,POPC,841,93.42537689208984,198.35946655273438,48.5360221862793
2394,cut3,2394,POPC,842,114.20867919921875,26.52853775024414,50.69286346435547
2394,cut3,2394,POPC,843,101.1724624633789,19.826221466064453,47.08745193481445
2394,cut3,2394,POPC,844,151.2588653564453,121.16639709472658,34.39497375488281
2394,cut3,2394,POPC,845,54.739646911621094,149.690185546875,46.17076873779297
2394,cut3,2394,POPC,846,19.021085739135742,22.09489631652832,61.97338104248047
2394,cut3,2394,POPC,847,99.62159729003906,97.12677001953125,40.85238265991211
2394,cut3,2394,POPC,848,59.55243682861328,210.9398651123047,55.08570098876953
2394,cut3,2394,POPC,849,170.37631225585938,27.318477630615234,57.85134887695313
2394,cut3,2394,POPC,850,70.0558319091797,34.67158889770508,51.99662399291992
2394,cut3,2394,POPC,851,114.41985321044922,22.282695770263672,56.27494430541992
2394,cut3,2394,POPC,852,199.69078063964844,81.18083190917969,55.80430603027344
2394,cut3,2394,POPC,853,20.639860153198242,76.19811248779297,53.69406509399414
2394,cut3,2394,POPC,854,8.084157943725586,217.86203002929688,55.560157775878906
2394,cut3,2394,POPC,855,121.86075592041016,23.088008880615234,56.13296890258789
2394,cut3,2394,POPC,856,181.4370880126953,100.24066162109375,54.61357879638672
2394,cut3,2394,POPC,857,171.51953125,145.57460021972656,48.26261901855469
2394,cut3,2394,POPC,858,117.96830749511719,224.04737854003906,56.83867645263672
2394,cut3,2394,POPC,859,35.29635238647461,41.8424949645996,53.59457778930664
2394,cut3,2394,POPC,860,33.63481140136719,213.4345703125,54.40742874145508
2394,cut3,2394,POPC,861,197.76731872558594,120.3660659790039,51.096160888671875
2394,cut3,2394,POPC,862,186.6555633544922,43.01534652709961,56.1683349609375
2394,cut3,2394,POPC,863,88.66926574707031,184.8291473388672,42.73033142089844
2394,cut3,2394,POPC,864,111.77275848388672,79.43751525878906,35.7324333190918
2394,cut3,2394,POPC,865,106.22023010253906,34.84680938720703,45.45665740966797
2394,cut3,2394,POPC,866,202.267333984375,163.5174102783203,50.10179138183593
2394,cut3,2394,POPC,867,10.70947265625,179.80726623535156,53.41539001464844
2394,cut3,2394,POPC,868,40.23270034790039,210.99868774414062,54.915374755859375
2394,cut3,2394,POPC,869,147.7654571533203,146.5751953125,37.7612419128418
2394,cut3,2394,POPC,870,11.454540252685547,185.19837951660156,49.1792106628418
2394,cut3,2394,POPC,871,38.95035934448242,32.65067672729492,54.0697021484375
2394,cut3,2394,POPC,872,70.83934020996094,216.4102325439453,56.854942321777344
2394,cut3,2394,POPC,873,57.859588623046875,31.656063079833984,50.07210159301758
2394,cut3,2394,POPC,874,55.944610595703125,24.965187072753906,50.28646469116211
2394,cut3,2394,POPC,875,113.0411605834961,10.14916706085205,55.81702423095703
2394,cut3,2394,POPC,876,55.090118408203125,182.31854248046875,52.219215393066406
2394,cut3,2394,POPC,877,196.48178100585938,2.2949585914611816,54.02393341064453
2394,cut3,2394,POPC,878,176.5835418701172,94.02333068847656,49.459312438964844
2394,cut3,2394,POPC,879,81.26080322265625,25.018619537353516,51.652549743652344
2394,cut3,2394,POPC,880,129.11944580078125,86.28800201416016,35.05315017700195
2394,cut3,2394,POPC,881,45.346595764160156,48.78994369506836,48.09423065185547
2394,cut3,2394,POPC,882,198.3308563232422,85.92371368408203,61.11274719238281
2394,cut3,2394,POPC,883,169.40777587890625,211.0010528564453,62.46160125732422
2394,cut3,2394,POPC,884,189.9427032470703,83.55897521972656,57.0557746887207
2394,cut3,2394,POPC,885,28.809865951538086,8.058455467224121,54.51063537597656
2394,cut3,2394,POPC,886,36.15498733520508,159.60287475585938,47.88161087036133
2394,cut3,2394,POPC,887,84.0261001586914,218.1781768798828,54.767704010009766
2394,cut3,2394,POPC,888,-3.542090892791748,52.547786712646484,57.25586700439453
2394,cut3,2394,POPC,889,113.93263244628906,126.56352233886719,37.59504318237305
2394,cut3,2394,POPC,890,18.013952255249023,137.84364318847656,48.19973373413086
2394,cut3,2394,POPC,891,3.625342845916748,41.58729553222656,55.72483825683594
2394,cut3,2394,POPC,892,207.4300537109375,96.12226867675781,57.77022933959961
2394,cut3,2394,POPC,893,172.3866729736328,167.6112060546875,45.732303619384766
2394,cut3,2394,POPC,894,49.253963470458984,171.86642456054688,49.34021759033203
2394,cut3,2394,POPC,895,58.049224853515625,164.95404052734375,48.295143127441406
2394,cut3,2394,POPC,896,197.30235290527344,205.824462890625,56.869422912597656
2394,cut3,2394,POPC,897,74.07279205322266,63.51886749267578,49.73789978027344
2394,cut3,2394,POPC,898,53.43419647216797,130.0131072998047,42.15754699707031
2394,cut3,2394,POPC,899,181.5563507080078,72.9505844116211,55.59134292602539
2394,cut3,2394,POPC,900,214.80271911621094,4.137344837188721,57.333534240722656
2394,cut3,2394,POPC,901,1.206382393836975,12.474440574645996,59.53055191040039
2394,cut3,2394,POPC,902,75.04532623291016,71.38153839111327,50.73764419555664
2394,cut3,2394,POPC,903,101.45100402832031,201.61862182617188,51.0775260925293
2394,cut3,2394,POPC,904,52.76423645019531,148.55294799804688,51.80684280395508
2394,cut3,2394,POPC,905,40.14624786376953,187.09849548339844,51.4653205871582
2394,cut3,2394,POPC,906,202.11691284179688,68.45263671875,55.139034271240234
2394,cut3,2394,POPC,907,18.271989822387695,11.950949668884277,58.803691864013665
2394,cut3,2394,POPC,908,196.38633728027344,68.58428192138672,56.216529846191406
2394,cut3,2394,POPC,909,57.80309295654297,117.8285140991211,35.73012924194336
2394,cut3,2394,POPC,910,110.61971282958983,58.194847106933594,38.7819709777832
2394,cut3,2394,POPC,911,114.6348876953125,215.5595245361328,51.246517181396484
2394,cut3,2394,POPC,912,197.93702697753906,106.31909942626953,54.569149017333984
2394,cut3,2394,POPC,913,41.11849594116211,39.0232048034668,51.869258880615234
2394,cut3,2394,POPC,914,129.30374145507812,39.34117889404297,48.492183685302734
2394,cut3,2394,POPC,915,41.868865966796875,141.65696716308594,43.23286437988281
2394,cut3,2394,POPC,916,96.22928619384766,8.033186912536621,55.85672378540039
2394,cut3,2394,POPC,917,163.44244384765625,110.48776245117188,37.375587463378906
2394,cut3,2394,POPC,918,11.67487907409668,202.1133270263672,49.594093322753906
2394,cut3,2394,POPC,919,37.95745849609375,173.58084106445312,50.11717987060547
2394,cut3,2394,POPC,920,54.40715789794922,155.21226501464844,51.68939971923828
2394,cut3,2394,POPC,921,63.303680419921875,55.1124267578125,47.793819427490234
2394,cut3,2394,POPC,922,175.5387725830078,44.10390090942383,57.34690856933594
2394,cut3,2394,POPC,923,172.77667236328125,100.89567565917969,50.099910736083984
2394,cut3,2394,POPC,924,167.4654083251953,96.33070373535156,49.014522552490234
2394,cut3,2394,POPC,925,42.95375061035156,14.94327449798584,54.70811462402344
2394,cut3,2394,POPC,926,8.02491569519043,7.282034397125244,58.81427764892578
2394,cut3,2394,POPC,927,107.97132110595703,18.900175094604492,50.95470428466797
2394,cut3,2394,POPC,928,25.325803756713867,133.83897399902344,45.03044891357422
2394,cut3,2394,POPC,929,79.93938446044922,66.33334350585938,50.09892654418945
2394,cut3,2394,POPC,930,84.95800018310547,22.13338279724121,54.40647888183594
2394,cut3,2394,POPC,931,186.2362823486328,57.42235565185547,56.595523834228516
2394,cut3,2394,POPC,932,206.80918884277344,86.4961929321289,57.70424270629883
2394,cut3,2394,POPC,933,195.53973388671875,47.078117370605476,58.93024826049805
2394,cut3,2394,POPC,934,58.65625000000001,11.864500999450684,54.677337646484375
2394,cut3,2394,POPC,935,201.03189086914062,51.50016403198242,58.96609878540039
2394,cut3,2394,POPC,936,120.54340362548828,51.33860778808594,43.70226287841797
2394,cut3,2394,POPC,937,182.98431396484375,-3.375831127166748,56.58185577392578
2394,cut3,2394,POPC,938,86.74092102050781,118.3731689453125,43.21828842163086
2394,cut3,2394,POPC,939,101.34245300292969,9.63182544708252,54.007938385009766
2394,cut3,2394,POPC,940,198.5990753173828,12.854840278625488,55.932178497314446
2394,cut3,2394,POPC,941,194.63470458984375,54.15032958984375,57.34626388549805
2394,cut3,2394,POPC,942,98.28229522705078,194.00477600097656,51.8849983215332
2394,cut3,2394,POPC,943,166.00860595703125,89.37850189208984,47.95244598388672
2394,cut3,2394,POPC,944,166.83038330078125,122.2253189086914,42.26449203491211
2394,cut3,2394,POPC,945,21.311269760131836,5.660767078399658,52.887969970703125
2394,cut3,2394,POPC,946,205.29258728027344,205.75733947753906,50.13628387451172
2394,cut3,2394,POPC,947,11.86396598815918,191.2288818359375,48.20362854003906
2394,cut3,2394,POPC,948,126.61383819580078,78.38290405273438,34.24897003173828
2394,cut3,2394,POPC,949,63.48460388183594,111.7564697265625,36.7794303894043
2394,cut3,2394,POPC,950,73.7586669921875,39.49068450927734,48.90053176879883
2394,cut3,2394,POPC,951,18.847444534301758,191.5689697265625,46.67687225341797
2394,cut3,2394,POPC,952,172.75389099121094,10.154471397399902,56.61073684692383
2394,cut3,2394,POPC,953,16.491722106933594,26.783432006835938,59.59198760986328
2394,cut3,2394,POPC,954,27.030366897583008,170.8936309814453,52.0052490234375
2394,cut3,2394,POPC,955,77.5905990600586,127.0702896118164,37.0598258972168
2394,cut3,2394,POPC,956,182.49557495117188,39.88004684448242,56.23326873779297
2394,cut3,2394,POPC,957,184.97174072265625,124.51245880126953,55.29306411743164
2394,cut3,2394,POPC,958,189.7617950439453,88.02032470703125,54.85185623168945
2394,cut3,2394,POPC,959,65.71391296386719,78.67416381835938,50.41638946533203
2394,cut3,2394,POPC,960,51.831886291503906,202.57688903808594,53.88616180419922
2394,cut3,2394,POPC,961,79.74268341064453,194.98126220703125,46.4400749206543
2394,cut3,2394,POPC,962,145.78555297851562,14.17116641998291,57.7204704284668
2394,cut3,2394,POPC,963,32.20771026611328,72.65571594238281,55.647274017333984
2394,cut3,2394,POPC,964,46.68549346923828,157.177490234375,52.320735931396484
2394,cut3,2394,POPC,965,147.59349060058594,127.21224212646484,39.888954162597656
2394,cut3,2394,POPC,966,209.89306640625,129.6604766845703,50.86289596557617
2394,cut3,2394,POPC,967,132.0913848876953,46.469276428222656,37.55113983154297
2394,cut3,2394,POPC,968,23.94999885559082,153.8780975341797,48.5760612487793
2394,cut3,2394,POPC,969,105.32378387451172,93.7849349975586,38.00017166137695
2394,cut3,2394,POPC,970,56.748504638671875,37.99222946166992,50.173370361328125
2394,cut3,2394,POPC,971,136.38613891601562,145.9022979736328,36.837955474853516
2394,cut3,2394,POPC,972,8.800195693969727,34.66808319091797,54.70276641845703
2394,cut3,2394,POPC,973,100.6889877319336,113.7641372680664,46.52888488769531
2394,cut3,2394,POPC,974,173.51083374023438,137.23333740234375,50.09621810913086
2394,cut3,2394,POPC,975,21.741300582885742,0.6150383949279785,51.480224609375
2394,cut3,2394,POPC,976,187.9888458251953,156.7586212158203,52.86125946044922
2394,cut3,2394,POPC,977,129.6833038330078,4.2658562660217285,58.64419174194336
2394,cut3,2394,POPC,978,200.92271423339844,199.77662658691406,53.5783576965332
2394,cut3,2394,POPC,979,89.67676544189453,22.195377349853516,50.857669830322266
2394,cut3,2394,POPC,980,200.08740234375,61.65467071533203,55.712432861328125
2394,cut3,2394,POPC,981,2.117061138153076,177.9340057373047,44.07558822631836
2394,cut3,2394,POPC,982,65.91556549072266,4.573339939117432,59.87828826904297
2394,cut3,2394,POPC,983,21.091943740844727,146.9301300048828,46.59855651855469
2394,cut3,2394,POPC,984,54.05261993408203,105.64088439941406,48.351139068603516
2394,cut3,2394,POPC,985,166.3247833251953,116.64344787597656,38.04438781738282
2394,cut3,2394,POPC,986,17.764375686645508,175.72262573242188,54.144996643066406
2394,cut3,2394,POPC,987,146.0251922607422,88.0439453125,41.37665557861328
2394,cut3,2394,POPC,988,185.8401336669922,131.030029296875,52.78266143798828
2394,cut3,2394,POPC,989,179.08065795898438,85.42418670654297,48.78311538696289
2394,cut3,2394,POPC,990,173.08251953125,73.68537902832031,49.28000259399414
2394,cut3,2394,POPC,991,192.72195434570312,40.400081634521484,54.14863204956055
2394,cut3,2394,POPC,992,28.59937858581543,21.711353302001953,54.950653076171875
2394,cut3,2394,POPC,993,118.71829223632812,212.9479522705078,51.9370231628418
2394,cut3,2394,POPC,994,178.12095642089844,144.59185791015625,46.76438903808594
2394,cut3,2394,POPC,995,147.6018829345703,20.177837371826172,59.43215560913086
2394,cut3,2394,POPC,996,120.20877075195312,217.67294311523438,56.44190979003906
2394,cut3,2394,POPC,997,179.4326171875,48.570552825927734,58.50661849975586
2394,cut3,2394,POPC,998,205.2470703125,36.43589401245117,55.348655700683594
2394,cut3,2394,POPC,999,118.66841888427734,79.9508056640625,34.52501678466797
2394,cut3,2394,POPC,1000,78.81670379638672,205.869384765625,53.552818298339844
2394,cut3,2394,POPC,1001,207.45156860351562,167.23045349121094,49.45253372192383
2394,cut3,2394,POPC,1002,137.18428039550778,220.1312713623047,61.366973876953125
2394,cut3,2394,POPC,1003,190.57925415039062,10.338351249694824,53.31247329711914
2394,cut3,2394,POPC,1004,178.56146240234375,35.54308319091797,54.87921142578125
2394,cut3,2394,POPC,1005,207.0597686767578,185.8817596435547,52.94182586669922
2394,cut3,2394,POPC,1006,177.89627075195312,216.05809020996094,57.20576095581054
2394,cut3,2394,POPC,1007,216.4228973388672,155.69830322265625,52.00235366821289
2394,cut3,2394,POPC,1008,79.4094009399414,37.13810729980469,45.77018737792969
2394,cut3,2394,POPC,1009,21.301774978637695,168.59469604492185,49.904296875
2394,cut3,2394,POPC,1010,79.50701904296875,83.16168975830078,48.15352249145508
2394,cut3,2394,POPC,1011,103.82772064208984,209.5139617919922,50.75354766845703
2394,cut3,2394,POPC,1012,34.92119216918945,80.62364959716797,52.2812614440918
2394,cut3,2394,POPC,1013,76.02581787109375,151.7113037109375,35.78312301635742
2394,cut3,2394,POPC,1014,156.17898559570312,213.94873046875,61.7889404296875
2394,cut3,2394,POPC,1015,126.99885559082031,133.8902893066406,36.56563186645508
2394,cut3,2394,POPC,1016,177.3094940185547,156.53775024414065,50.816158294677734
2394,cut3,2394,POPC,1017,195.9601287841797,98.9770736694336,58.084251403808594
2394,cut3,2394,POPC,1018,204.5218505859375,91.1722183227539,61.20024108886719
2394,cut3,2394,POPC,1019,36.388938903808594,181.31655883789062,53.681644439697266
2394,cut3,2394,POPC,1020,176.61500549316406,118.6562728881836,48.344364166259766
2394,cut3,2394,POPC,1021,13.432344436645508,137.38758850097656,52.22904586791992
2394,cut3,2394,POPC,1022,22.603849411010742,69.3532485961914,54.310062408447266
2394,cut3,2394,POPC,1023,173.0709686279297,219.72000122070312,57.54781723022461
2394,cut3,2394,POPC,1024,22.687265396118164,54.38871383666992,54.9630126953125
2394,cut3,2394,POPC,1025,193.22171020507812,107.58698272705078,56.67098617553711
2394,cut3,2394,POPC,1026,41.09284591674805,163.55059814453125,50.118831634521484
2394,cut3,2394,POPC,1027,124.87725830078125,212.23863220214844,56.1246337890625
2394,cut3,2394,POPC,1028,93.53384399414062,56.85160827636719,53.298133850097656
2394,cut3,2394,POPC,1029,68.90505981445312,183.80961608886716,49.12358856201172
2394,cut3,2394,POPC,1030,188.62757873535153,71.69927215576172,55.71168518066406
2394,cut3,2394,POPC,1031,64.14073944091797,172.20947265625,47.2918701171875
2394,cut3,2394,POPC,1032,141.07040405273438,35.35049819946289,47.948646545410156
2394,cut3,2394,POPC,1033,100.07882690429688,90.43527221679688,40.37575912475586
2394,cut3,2394,POPC,1034,63.03942108154297,72.34766387939453,51.22805404663086
2394,cut3,2394,POPC,1035,162.30978393554685,110.08128356933594,31.858659744262695
2394,cut3,2394,POPC,1036,128.70645141601562,55.97972869873047,37.67329406738281
2394,cut3,2394,POPC,1037,74.36104583740234,182.99539184570312,46.364322662353516
2394,cut3,2394,POPC,1038,91.81434631347656,203.9927215576172,50.406368255615234
2394,cut3,2394,POPC,1039,185.38502502441406,192.33059692382812,55.95949935913086
2394,cut3,2394,POPC,1040,179.7490692138672,161.1649932861328,53.70905303955078
2394,cut3,2394,POPC,1041,95.88553619384766,65.15248107910156,51.63322067260742
2394,cut3,2394,POPC,1042,214.9674072265625,185.20765686035156,49.92918395996094
2394,cut3,2394,POPC,1043,7.74745512008667,60.408348083496094,53.557044982910156
2394,cut3,2394,POPC,1044,85.67891693115234,30.89940643310547,46.0062141418457
2394,cut3,2394,POPC,1045,61.562339782714844,129.7002410888672,38.83641815185547
2394,cut3,2394,POPC,1046,188.5766143798828,199.69839477539062,56.79560470581055
2394,cut3,2394,POPC,1047,55.31604766845703,57.299781799316406,50.45186233520508
2394,cut3,2394,POPC,1048,183.94602966308594,145.8145751953125,48.04673767089844
2394,cut3,2394,POPC,1049,158.68295288085938,143.0474395751953,44.5035285949707
2394,cut3,2394,POPC,1050,29.324819564819336,34.890625,53.757171630859375
2394,cut3,2394,POPC,1051,72.16686248779297,189.73873901367188,50.80582809448242
2394,cut3,2394,POPC,1052,9.365739822387695,24.4869384765625,59.045143127441406
2394,cut3,2394,POPC,1053,112.9743423461914,158.16119384765625,34.911155700683594
2394,cut3,2394,POPC,1054,208.75148010253906,70.9516372680664,54.26488494873047
2394,cut3,2394,POPC,1055,70.13561248779297,59.331939697265625,45.71971893310547
2394,cut3,2394,POPC,1056,129.33865356445312,218.06887817382812,59.592918395996094
2394,cut3,2394,POPC,1057,148.2860870361328,111.62435150146484,32.896934509277344
2394,cut3,2394,POPC,1058,181.841552734375,124.17713928222656,47.90351486206055
2394,cut3,2394,POPC,1059,98.69612884521484,17.16708755493164,51.679046630859375
2394,cut3,2394,POPC,1060,122.50621032714845,33.52818298339844,52.09287643432617
2394,cut3,2394,POPC,1061,26.429853439331055,214.3484344482422,50.82798767089844
2394,cut3,2394,POPC,1062,204.92970275878906,211.83680725097656,55.271446228027344
2394,cut3,2394,POPC,1063,208.0794677734375,8.213593482971191,57.7066535949707
2394,cut3,2394,POPC,1064,92.04308319091797,77.80160522460938,48.59550476074219
2394,cut3,2394,POPC,1065,24.360239028930664,26.304195404052734,58.47437286376953
2394,cut3,2394,POPC,1066,73.09180450439453,176.0022735595703,46.92388916015625
2394,cut3,2394,POPC,1067,14.096475601196289,209.0642547607422,53.088233947753906
2394,cut3,2394,POPC,1068,124.58747100830078,160.0430908203125,39.690650939941406
2394,cut3,2394,POPC,1069,179.04904174804688,71.45620727539062,50.91106414794922
2394,cut3,2394,POPC,1070,41.02458953857422,21.47691535949707,54.18325424194336
2394,cut3,2394,POPC,1071,206.26089477539062,217.6747894287109,56.740074157714844
2394,cut3,2394,POPC,1072,71.48284149169922,162.36422729492188,41.57774353027344
2394,cut3,2394,POPC,1073,39.93807601928711,88.25202941894531,53.950496673583984
2394,cut3,2394,POPC,1074,43.086997985839844,173.31675720214844,48.324913024902344
2394,cut3,2394,POPC,1075,158.63894653320312,2.352968692779541,61.902976989746094
2394,cut3,2394,POPC,1076,26.239530563354492,163.98635864257812,48.57831954956055
2394,cut3,2394,POPC,1077,203.95449829101562,17.832849502563477,60.08076477050781
2394,cut3,2394,POPC,1078,57.58282470703125,-0.24778220057487488,54.598899841308594
2394,cut3,2394,POPC,1079,181.5547637939453,209.94134521484375,57.62332534790039
2394,cut3,2394,POPC,1080,36.6033935546875,206.25379943847656,55.09305953979492
2394,cut3,2394,POPC,1081,204.48995971679688,224.94435119628906,57.03424072265625
2394,cut3,2394,POPC,1082,172.42845153808594,131.2622528076172,46.396080017089844
2394,cut3,2394,POPC,1083,100.15069580078125,61.51215362548828,45.22108459472656
2394,cut3,2394,POPC,1084,109.08578491210938,51.875797271728516,43.565711975097656
2394,cut3,2394,POPC,1085,151.48948669433594,142.77615356445312,41.75408172607422
2394,cut3,2394,POPC,1086,124.80397033691406,9.574555397033691,56.30393600463867
2394,cut3,2394,POPC,1087,58.31919860839844,113.2391586303711,40.46477127075195
2394,cut3,2394,POPC,1088,128.16815185546875,154.49220275878906,38.570308685302734
2394,cut3,2394,POPC,1089,27.097242355346683,60.500335693359375,53.002628326416016
2394,cut3,2394,POPC,1090,9.641149520874023,55.15117263793945,55.423492431640625
2394,cut3,2394,POPC,1091,114.21174621582031,148.51358032226562,33.45983123779297
2394,cut3,2394,POPC,1092,192.19749450683594,31.534954071044922,55.89127731323242
2394,cut3,2394,POPC,1093,94.6910171508789,69.93229675292969,51.948551177978516
2394,cut3,2394,POPC,1094,62.996124267578125,20.133344650268555,53.01942443847656
2394,cut3,2394,POPC,1095,29.81279945373535,151.35020446777344,43.738014221191406
2394,cut3,2394,POPC,1096,175.69859313964844,207.2830810546875,59.24737548828125
2394,cut3,2394,POPC,1097,20.838788986206055,48.449424743652344,55.55510711669922
2394,cut3,2394,POPC,1098,166.2339324951172,134.12181091308594,44.72332000732422
2394,cut3,2394,POPC,1099,32.98360824584961,58.34003448486328,52.19776153564453
2394,cut3,2394,POPC,1100,29.463693618774414,84.8951416015625,53.89310073852539
2394,cut3,2394,POPC,1101,80.9455795288086,146.68373107910156,34.05908966064453
2394,cut3,2394,POPC,1102,106.59315490722656,25.351879119873047,49.2023811340332
2394,cut3,2394,POPC,1103,188.1065673828125,99.2524185180664,58.217674255371094
2394,cut3,2394,POPC,1104,81.75263214111328,10.875515937805176,57.207984924316406
2394,cut3,2394,POPC,1105,95.1552734375,119.0666732788086,49.1092529296875
2394,cut3,2394,POPC,1106,2.3930258750915527,49.69563674926758,56.38203430175781
2394,cut3,2394,POPC,1107,83.38172912597656,60.9775390625,52.0576286315918
2394,cut3,2394,POPC,1108,169.78347778320312,110.55642700195312,43.365463256835945
2394,cut3,2394,SAPI,1109,140.40016174316406,9.615412712097168,57.28630828857422
2394,cut3,2394,SAPI,1110,71.42057037353516,140.2378387451172,36.5649299621582
2394,cut3,2394,SAPI,1111,126.51145935058594,28.781173706054688,56.948402404785156
2394,cut3,2394,SAPI,1112,174.9490203857422,30.706085205078125,55.865238189697266
2394,cut3,2394,SAPI,1113,36.023895263671875,133.00160217285156,44.109352111816406
2394,cut3,2394,SAPI,1114,4.5160040855407715,192.08432006835938,49.443878173828125
2394,cut3,2394,SAPI,1115,199.99449157714844,143.85450744628906,55.34088897705078
2394,cut3,2394,SAPI,1116,131.63531494140625,136.88623046875,33.067928314208984
2394,cut3,2394,SAPI,1117,42.067787170410156,150.16592407226562,45.33944320678711
2394,cut3,2394,SAPI,1118,104.74638366699219,182.12640380859375,42.38942337036133
2394,cut3,2394,SAPI,1119,106.64112091064453,42.70564270019531,45.5411491394043
2394,cut3,2394,SAPI,1120,163.3775634765625,18.157670974731445,58.134361267089844
2394,cut3,2394,SAPI,1121,137.66842651367188,119.21485900878906,34.43030548095703
2394,cut3,2394,SAPI,1122,190.02639770507812,-0.036348793655633926,55.07924270629883
2394,cut3,2394,SAPI,1123,171.7799530029297,82.39614868164062,47.14104461669922
2394,cut3,2394,SAPI,1124,82.07334899902344,51.72955322265625,51.38920593261719
2394,cut3,2394,SAPI,1125,169.3836669921875,181.5299072265625,53.14722442626953
2394,cut3,2394,SAPI,1126,83.92082214355469,78.0232925415039,49.40199279785156
2394,cut3,2394,SAPI,1127,162.39346313476562,146.93182373046875,43.619380950927734
2394,cut3,2394,SAPI,1128,14.006980895996096,84.88337707519531,52.112396240234375
2394,cut3,2394,SAPI,1129,138.1529083251953,111.70448303222656,31.806257247924805
2394,cut3,2394,SAPI,1130,159.8692169189453,92.17662811279297,44.92177963256836
2394,cut3,2394,SAPI,1131,5.709867000579834,91.41694641113281,56.20832443237305
2394,cut3,2394,SAPI,1132,210.49398803710938,161.35800170898438,49.430274963378906
2394,cut3,2394,SAPI,1133,26.156339645385742,15.593676567077637,54.4184684753418
2394,cut3,2394,SAPI,1134,173.4005126953125,48.833316802978516,55.37006759643555
2394,cut3,2394,SAPI,1135,102.23345947265625,174.07574462890625,38.095703125
2394,cut3,2394,SAPI,1136,130.98663330078125,211.176513671875,54.26979446411133
2394,cut3,2394,SAPI,1137,121.29817962646484,148.4326171875,31.25055503845215
2394,cut3,2394,SAPI,1138,156.6271209716797,12.96582317352295,60.25331115722656
2394,cut3,2394,SAPI,1139,102.77454376220703,79.68737030029297,43.83317184448242
2394,cut3,2394,SAPI,1140,106.22725677490234,220.76573181152344,53.50565719604492
2394,cut3,2394,SAPI,1141,199.89129638671875,185.44369506835938,52.776588439941406
2394,cut3,2394,SAPI,1142,82.36808776855469,201.55792236328125,49.72714614868164
2394,cut3,2394,SAPI,1143,145.0225372314453,218.1056365966797,58.21337127685547
2394,cut3,2394,SAPI,1144,141.58152770996094,128.3212127685547,34.11514663696289
2394,cut3,2394,SAPI,1145,67.05318450927734,122.18900299072266,35.10857391357422
